75,75,75,75,75,75,75,75,75,75,75,75,75,75,75,75,75,75,75,75,75,75,75,75,75,75,75,75,75,75,75,75,64,64,64,64,64,64,64,64,
75,75,75,75,75,75,75,75,75,75,75,75,75,75,75,75,75,75,75,75,75,75,75,75,75,75,75,75,75,75,75,75,64,64,64,64,64,64,64,64,
75,75,75,75,75,75,75,75,75,75,75,75,75,75,75,75,75,75,75,75,75,75,75,75,75,75,75,75,75,75,75,75,64,64,64,64,64,64,64,64,
75,75,75,75,75,75,75,75,75,75,75,75,75,75,75,75,75,75,75,75,75,75,75,75,75,75,75,75,75,75,75,75,64,64,64,64,64,64,64,64,
75,75,75,75,75,75,75,75,75,75,75,75,75,75,75,75,75,75,75,75,75,75,75,75,75,75,75,75,75,75,75,75,64,64,64,64,64,64,64,64,
75,75,75,75,75,75,75,75,75,75,75,75,75,75,75,75,75,75,75,75,75,75,75,75,75,75,75,75,75,75,75,75,64,64,64,64,64,64,64,64,
75,75,75,75,75,75,75,75,75,75,75,75,75,75,75,75,75,75,75,75,75,75,75,75,75,75,75,75,75,75,75,75,64,64,64,64,64,64,64,64,
75,75,75,75,75,75,75,75,75,75,75,75,75,75,75,75,75,75,75,75,75,75,75,75,75,75,75,75,75,75,75,75,64,64,64,64,64,64,64,64,
75,75,75,75,75,75,75,75,75,75,75,75,75,75,75,75,75,75,75,75,75,75,75,75,75,75,75,75,75,75,75,75,64,64,64,64,64,64,64,64,
75,75,75,75,75,75,75,75,75,75,75,75,75,75,75,75,75,75,75,75,75,75,75,75,75,75,75,75,75,75,75,75,64,64,64,64,64,64,64,64,
75,75,75,75,75,75,75,75,75,75,75,75,75,75,75,75,75,75,75,75,75,75,75,75,75,75,75,75,75,75,75,75,64,64,64,64,64,64,64,64,
75,75,75,75,75,75,75,75,75,75,75,75,75,75,75,75,75,75,75,75,75,75,75,75,75,75,75,75,75,75,75,75,64,64,64,64,64,64,64,64,
75,75,75,75,75,75,75,75,75,75,75,75,75,75,75,75,75,75,75,75,75,75,75,75,75,75,75,75,75,75,75,75,64,64,64,64,64,64,64,64,
75,75,75,75,75,75,75,75,75,75,75,75,75,75,75,75,75,75,75,75,75,75,75,75,75,75,75,75,75,75,75,75,64,64,64,64,64,64,64,64,
75,75,75,75,75,75,75,75,75,75,75,75,75,75,75,75,75,75,75,75,75,75,75,75,75,75,75,75,75,75,75,75,64,64,64,64,64,64,64,64,
75,75,75,75,75,75,75,75,75,75,75,75,75,75,75,75,75,75,75,75,75,75,75,75,75,75,75,75,75,75,75,75,64,64,64,64,64,64,64,64,
75,75,75,75,75,75,75,75,75,75,75,75,75,75,75,75,75,75,75,75,75,75,75,75,75,75,75,75,75,75,75,75,64,64,64,64,64,64,64,64,
75,75,75,75,75,75,75,75,75,75,75,75,75,75,75,75,75,75,75,75,75,75,75,40,75,75,75,75,75,75,75,75,64,64,64,64,64,64,64,64,
75,75,75,75,75,75,75,75,75,75,75,75,75,75,75,75,75,75,75,75,75,75,75,75,75,75,75,75,75,75,75,75,64,64,64,64,64,64,64,64,
75,75,75,75,75,75,75,75,75,75,75,75,75,75,75,75,75,75,75,75,75,40,75,75,75,75,75,75,75,75,75,75,64,64,64,64,64,64,64,64,
75,75,75,75,75,75,75,75,75,75,75,75,75,75,75,75,75,75,75,75,75,75,75,75,75,75,75,75,75,75,75,75,64,64,64,64,64,64,64,64,
75,75,75,75,75,75,75,75,75,75,75,75,75,75,75,75,75,75,75,40,75,75,75,75,75,75,75,75,75,75,75,75,64,64,64,64,64,64,64,64,
75,75,75,75,75,75,75,75,75,75,75,75,75,75,75,75,75,75,75,75,75,75,75,75,75,75,75,75,75,75,75,75,64,64,64,64,64,64,64,64,
75,75,75,75,68,68,75,75,75,75,75,75,20,21,75,75,75,75,20,21,75,75,75,75,75,75,75,75,75,75,75,75,64,64,64,64,64,64,64,64,
75,75,75,75,68,68,75,75,75,75,75,75,22,23,75,75,75,75,22,23,75,75,75,75,75,75,75,75,75,75,75,75,64,64,64,64,64,64,64,64,
0 ,0 ,0 ,0 ,0 ,0 ,0 ,0 ,75,75,75,75,0 ,0 ,0 ,0 ,0 ,0 ,0 ,0 ,75,75,75,75,0 ,0 ,0 ,0 ,0 ,0 ,0 ,0 ,0 ,0 ,0 ,0 ,0 ,0 ,0 ,0 ,
64,64,64,64,64,64,64,64,64,64,64,64,64,64,64,64,64,64,64,64,64,64,64,64,64,64,64,64,64,64,64,64,64,64,64,64,64,64,64,64,
64,64,64,64,64,64,64,64,64,64,64,64,64,64,64,64,64,64,64,64,64,64,64,64,64,64,64,64,64,64,64,64,64,64,64,64,64,64,64,64,
64,64,64,64,64,64,64,64,64,64,64,64,64,64,64,64,64,64,64,64,64,64,64,64,64,64,64,64,64,64,64,64,64,64,64,64,64,64,64,64,
64,64,64,64,64,64,64,64,64,64,64,64,64,64,64,64,64,64,64,64,64,64,64,64,64,64,64,64,64,64,64,64,64,64,64,64,64,64,64,64