75,75,75,75,75,75,75,75,75,75,75,75,75,75,75,75,75,75,75,75,75,75,75,75,75,75,75,75,75,75,75,75,75,75,75,75,75,75,75,75,
75,75,75,75,75,75,75,75,75,75,75,75,75,75,75,75,75,75,75,75,75,75,75,75,75,75,75,75,75,75,75,75,75,75,75,75,75,75,75,75,
75,75,75,75,75,75,75,75,75,75,75,75,75,75,75,75,75,75,75,75,75,7 ,7 ,75,75,75,75,75,75,75,75,75,75,75,75,75,75,75,75,75,
75,75,75,75,75,75,75,75,75,75,75,75,75,75,75,75,75,75,75,75,75,22,23,75,75,75,75,75,75,75,75,75,75,75,75,75,75,75,75,75,
75,75,75,75,75,75,75,75,75,75,75,75,75,75,75,75,75,75,75,75,75,24,25,75,75,75,75,75,75,75,75,7 ,50,50,50,50,50,50,50,50,
75,75,75,75,75,75,75,75,75,75,75,75,75,75,75,75,75,75,75,75,75,75,75,75,75,75,75,75,75,75,75,7 ,49,49,49,49,49,49,49,49,
75,75,75,75,75,75,75,75,75,75,75,75,75,75,75,75,75,75,75,75,7 ,75,75,75,75,75,75,75,75,11,11,7 ,49,49,49,49,49,49,49,49,
75,75,75,75,75,75,75,75,75,75,75,75,75,75,75,75,75,75,75,75,7 ,75,75,75,75,75,75,11,11,75,75,7 ,49,49,49,49,49,49,49,49,
75,75,75,75,75,75,75,75,75,75,75,75,75,75,75,75,75,75,75,75,75,75,75,75,75,75,11,11,75,75,75,7 ,7 ,7 ,7 ,7 ,49,49,49,49,
75,75,75,75,75,75,75,75,75,75,75,75,75,75,75,75,75,75,75,75,75,11,11,11,11,11,11,75,75,75,75,75,75,75,75,7 ,49,49,49,49,
75,75,75,75,75,75,75,75,75,75,75,75,75,75,75,75,75,75,75,75,75,75,75,75,75,75,75,75,75,75,75,75,75,75,75,7 ,49,49,49,49,
75,75,75,75,75,75,75,75,75,75,75,75,32,75,75,75,75,75,75,75,75,75,75,75,75,75,75,75,75,75,75,75,75,75,75,7 ,49,49,49,49,
75,75,75,75,75,75,75,75,75,75,75,75,75,75,75,75,75,75,75,75,75,75,75,75,75,75,75,75,75,75,75,75,75,75,75,7 ,7 ,7 ,7 ,7 ,
75,75,75,75,75,75,75,75,75,75,75,75,75,75,75,75,75,75,75,75,75,75,75,75,75,75,75,75,75,75,75,75,75,75,75,75,75,75,75,75,
75,75,75,75,75,75,75,75,75,75,75,75,75,75,75,75,75,75,75,75,75,75,75,75,75,75,75,75,75,75,75,75,75,75,75,75,75,75,75,75,
75,75,75,75,75,75,75,75,75,75,75,75,75,75,75,75,75,75,75,75,75,75,75,75,75,75,75,75,75,75,75,75,75,75,75,75,75,75,75,75,
75,75,75,75,75,75,75,75,35,35,35,20,21,75,75,75,75,75,75,75,75,75,75,75,75,75,75,75,75,75,75,75,75,75,75,75,75,75,75,75,
75,75,75,75,75,75,75,75,75,75,75,22,23,75,75,75,75,75,75,75,75,75,75,75,75,75,75,75,75,75,75,75,75,75,75,75,75,75,75,75,
75,75,75,75,35,35,35,75,75,75,75,7 ,7 ,75,75,75,75,75,75,75,75,75,75,75,75,75,75,75,75,75,75,75,75,75,75,75,75,75,75,75,
75,75,75,75,75,75,75,75,75,75,75,75,75,75,75,75,75,75,75,75,75,75,75,75,75,75,75,75,75,75,75,75,75,75,75,75,75,75,75,75,
75,75,75,75,75,75,75,35,35,35,75,75,75,75,75,75,84,85,75,75,75,2 ,2 ,75,75,75,75,75,75,75,75,75,75,75,75,75,75,75,75,75,
75,75,75,75,75,75,75,75,75,75,75,75,75,75,75,75,86,87,75,75,75,75,75,75,75,75,75,75,75,75,75,75,75,75,75,75,75,75,75,75,
8 ,8 ,75,75,75,75,75,75,75,75,75,14,14,75,75,84,83,87,75,75,75,75,75,75,75,75,75,75,75,75,75,75,75,75,75,75,75,75,75,75,
9 ,9 ,8 ,8 ,75,75,75,75,75,75,75,75,75,75,75,86,87,87,75,75,75,68,68,75,75,75,75,75,75,75,75,75,75,75,75,75,75,75,75,75,
9 ,9 ,9 ,9 ,8 ,8 ,8 ,8 ,8 ,8 ,8 ,8 ,8 ,8 ,8 ,8 ,8 ,8 ,8 ,8 ,8 ,8 ,8 ,8 ,8 ,8 ,8 ,8 ,8 ,8 ,8 ,8 ,8 ,8 ,8 ,8 ,8 ,8 ,8 ,8 ,
9 ,9 ,9 ,9 ,9 ,9 ,9 ,9 ,9 ,9 ,9 ,9 ,9 ,9 ,9 ,9 ,9 ,9 ,9 ,9 ,9 ,9 ,9 ,9 ,9 ,9 ,9 ,9 ,9 ,9 ,9 ,9 ,9 ,9 ,9 ,9 ,9 ,9 ,9 ,9 ,
64,64,64,64,64,64,64,64,64,64,64,64,64,64,64,64,64,64,64,64,64,64,64,64,64,64,64,64,64,64,64,64,64,64,64,64,64,64,64,64,
64,64,64,64,64,64,64,64,64,64,64,64,64,64,64,64,64,64,64,64,64,64,64,64,64,64,64,64,64,64,64,64,64,64,64,64,64,64,64,64,
64,64,64,64,64,64,64,64,64,64,64,64,64,64,64,64,64,64,64,64,64,64,64,64,64,64,64,64,64,64,64,64,64,64,64,64,64,64,64,64,
64,64,64,64,64,64,64,64,64,64,64,64,64,64,64,64,64,64,64,64,64,64,64,64,64,64,64,64,64,64,64,64,64,64,64,64,64,64,64,64