88,88,88,88,88,88,88,88,88,88,88,88,88,88,88,88,88,88,88,22,23,88,88,88,88,88,88,88,88,88,88,88,88,88,88,88,88,88,88,88,
88,88,88,88,88,88,88,88,88,88,88,88,88,88,88,88,88,88,88,24,25,88,88,88,88,88,88,88,88,88,88,88,88,88,88,88,88,88,88,88,
88,88,88,88,88,88,88,88,88,88,88,88,88,88,88,88,88,88,88,88,88,88,88,88,88,88,88,88,88,88,88,88,88,88,88,88,88,88,88,88,
88,88,88,88,88,88,88,88,88,88,88,88,88,88,88,88,88,88,88,88,88,88,88,88,88,88,88,88,88,88,88,88,88,88,88,88,88,88,88,88,
88,88,88,88,88,88,88,88,88,88,88,88,88,88,88,88,88,88,88,88,88,88,88,88,88,88,88,88,88,88,88,88,88,88,88,88,88,88,88,88,
88,88,88,88,88,88,88,88,88,88,88,88,88,88,88,88,88,88,88,88,88,88,88,88,88,88,88,88,88,88,88,88,88,88,88,88,88,88,88,88,
88,88,88,88,88,88,88,88,88,88,88,88,88,88,88,88,88,88,88,88,88,88,88,88,88,88,88,88,88,88,88,88,88,88,88,88,88,88,88,88,
88,88,88,88,88,88,88,88,88,88,88,88,88,88,88,88,88,88,88,88,88,88,88,88,88,88,88,88,88,88,88,88,88,88,88,88,88,88,88,88,
88,88,88,88,88,88,88,88,88,88,88,88,88,88,88,88,88,88,88,88,88,88,88,88,88,88,88,88,88,88,88,88,88,88,88,88,88,88,88,88,
88,88,88,88,88,88,88,88,88,88,88,88,88,88,88,88,88,88,88,88,88,88,88,88,88,88,88,88,88,88,88,88,88,88,88,88,88,88,88,88,
88,88,88,88,88,88,88,88,88,88,88,88,88,88,88,88,88,88,88,88,88,88,88,88,88,88,88,88,88,88,88,88,88,88,88,88,88,88,88,88,
88,88,88,88,88,88,88,88,88,88,88,88,88,88,88,88,88,88,88,88,88,88,88,88,88,88,88,88,88,88,88,88,88,88,88,88,88,88,88,88,
88,88,88,88,88,88,88,88,88,88,88,88,88,88,88,88,88,88,88,88,88,88,88,88,88,88,88,88,88,88,88,88,88,88,88,88,88,88,88,88,
88,88,88,88,88,88,88,88,88,88,88,88,88,88,88,88,88,88,88,88,88,88,88,88,88,88,88,88,88,88,88,88,88,88,88,88,88,88,88,88,
88,88,88,88,88,88,88,88,88,88,88,88,88,88,88,88,88,88,88,88,88,88,88,88,88,88,88,88,88,88,88,88,88,88,88,88,88,88,88,88,
88,88,88,88,88,88,88,88,88,88,88,88,88,88,88,88,88,88,88,88,88,88,88,88,88,88,88,88,88,88,88,88,88,88,88,88,88,88,88,88,
88,88,88,88,88,88,88,88,88,88,88,88,88,88,88,88,34,34,34,34,34,34,34,34,88,88,88,88,88,88,88,88,88,88,88,88,88,88,88,88,
88,88,88,88,88,88,88,88,88,88,88,88,88,88,88,88,34,34,34,34,34,34,34,34,88,88,88,88,88,88,88,88,88,88,88,88,88,88,88,88,
88,88,88,88,88,88,88,88,88,88,88,88,88,88,88,88,34,34,34,34,34,34,34,34,88,88,88,88,88,88,88,88,88,88,88,88,88,88,88,88,
88,88,88,88,88,88,88,88,88,88,88,88,88,88,88,88,34,34,34,34,34,34,34,34,88,88,88,88,88,88,88,88,88,88,88,88,88,88,88,88,
88,88,88,88,88,88,88,88,88,88,88,88,88,88,88,88,34,34,34,34,34,34,34,34,88,88,88,88,88,88,88,88,88,88,88,88,88,88,88,88,
88,88,88,88,88,88,88,88,88,88,88,88,88,88,88,88,34,34,34,34,34,34,34,34,88,88,88,88,88,88,88,88,88,88,88,88,88,88,88,88,
26,26,26,27,88,88,88,88,88,88,88,88,88,88,88,88,34,34,34,34,34,34,34,34,88,88,88,88,88,88,88,88,88,88,88,88,30,26,26,26,
28,28,28,29,88,88,88,88,88,88,88,88,88,88,88,88,34,34,34,34,34,34,34,34,88,88,88,88,88,88,88,88,88,88,88,88,31,28,28,28,
12,12,12,12,12,12,12,12,12,12,12,12,12,12,12,12,12,12,12,12,12,12,12,12,12,12,12,12,12,12,12,12,12,12,12,12,12,12,12,12,
12,12,12,12,12,12,12,12,12,12,12,12,12,12,12,12,12,12,12,12,12,12,12,12,12,12,12,12,12,12,12,12,12,12,12,12,12,12,12,12,
64,64,64,64,64,64,64,64,64,64,64,64,64,64,64,64,64,64,64,64,64,64,64,64,64,64,64,64,64,64,64,64,64,64,64,64,64,64,64,64,
64,64,64,64,64,64,64,64,64,64,64,64,64,64,64,64,64,64,64,64,64,64,64,64,64,64,64,64,64,64,64,64,64,64,64,64,64,64,64,64,
64,64,64,64,64,64,64,64,64,64,64,64,64,64,64,64,64,64,64,64,64,64,64,64,64,64,64,64,64,64,64,64,64,64,64,64,64,64,64,64,
64,64,64,64,64,64,64,64,64,64,64,64,64,64,64,64,64,64,64,64,64,64,64,64,64,64,64,64,64,64,64,64,64,64,64,64,64,64,64,64