32,384,0.0,0.0,-1,1,0,C0,0,1,525,192,C0,1,1,461,192,C5,0,4,509,192,C5,1,4,269,272,
33,384,1.5,0.0,1,1,0,C0,0,1,526,192,C0,1,1,462,192,C5,0,4,510,192,C5,1,4,270,272,
34,384,1.9,0.0,1,1,0,C0,0,1,527,192,C0,1,1,463,192,C5,0,4,511,192,C5,1,4,271,272,
36,384,2.2,0.0,1,1,0,C0,0,-1,528,192,C0,1,1,464,192,C5,0,4,512,192,C5,1,4,272,272,
38,384,2.6,0.0,1,1,0,C0,0,-1,527,192,C0,1,1,465,192,C5,0,4,513,192,C5,1,4,273,272,
41,384,3.0,0.0,1,1,0,C0,0,-1,526,192,C0,1,1,466,192,C5,0,4,514,192,C5,1,4,274,272,
44,376,3.4,-8.0,1,1,0,C0,0,-1,525,192,C0,1,1,467,192,C5,0,4,515,192,C5,1,4,275,272,
47,368,3.8,-7.5,1,1,0,C0,0,-1,524,192,C0,1,1,468,192,C5,0,4,516,192,C5,1,4,276,272,
51,361,4.0,-7.0,1,1,0,C0,0,-1,523,192,C0,1,1,469,192,C5,0,4,517,192,C5,1,4,277,272,
55,354,4.0,-6.5,1,1,0,C0,0,-1,522,192,C0,1,1,470,192,C5,0,4,518,192,C5,1,4,278,272,
59,348,4.0,-6.0,1,1,0,C0,0,-1,521,192,C0,1,1,471,192,C5,0,4,519,192,C5,1,4,279,272,
63,342,4.0,-5.5,1,1,0,C0,0,-1,520,192,C0,1,1,472,192,C5,0,4,520,192,C5,1,4,280,272,
67,337,4.0,-5.0,1,1,0,C0,0,-1,519,192,C0,1,1,473,192,C5,0,4,521,192,C5,1,4,281,272,
71,332,4.0,-4.5,1,1,0,C0,0,-1,518,192,C0,1,1,474,192,C5,0,4,522,192,C5,1,4,282,272,
75,328,4.0,-4.0,1,1,0,C0,0,-1,517,192,C0,1,1,475,192,C5,0,4,523,192,C5,1,4,283,272,
79,324,4.0,-3.5,1,1,0,C0,0,-1,516,192,C0,1,1,476,192,C5,0,4,524,192,C5,1,4,284,272,
83,321,4.0,-3.0,1,1,0,C0,0,-1,515,192,C0,1,1,477,192,C5,0,4,525,192,C5,1,4,285,272,
81,318,1.5,-3.0,1,1,0,C0,0,-1,514,192,C0,1,1,478,192,C5,0,4,526,192,C5,1,4,286,272,
81,315,1.5,-3.0,1,1,0,C0,0,-1,513,192,C0,1,1,479,192,C5,0,4,527,192,C5,1,4,287,272,
81,312,1.5,-3.0,1,1,0,C0,0,-1,512,192,C0,1,1,480,192,C5,0,4,528,192,C5,1,4,288,276,
81,309,1.5,-3.0,1,1,0,C0,0,-1,511,192,C0,1,1,481,192,C5,0,4,527,192,C5,1,4,289,280,
81,306,1.5,-3.0,1,1,0,C0,0,-1,510,192,C0,1,1,482,192,C5,0,4,526,192,C5,1,4,290,284,
81,303,1.5,-3.0,1,1,0,C0,0,-1,509,192,C0,1,1,483,192,C5,0,4,525,192,C5,1,4,291,288,
82,300,1.9,-2.5,1,1,0,C0,0,-1,508,192,C0,1,1,484,192,C5,0,4,524,192,C5,1,4,292,292,
84,298,2.2,-2.0,1,1,0,C0,0,-1,507,192,C0,1,1,485,192,C5,0,4,523,192,C5,1,4,293,296,
86,296,2.6,-1.5,1,1,0,C0,0,-1,506,192,C0,1,1,486,192,C5,0,4,522,192,C5,1,4,294,300,
89,295,3.0,-1.0,1,1,0,C0,0,-1,505,192,C0,1,1,487,192,C5,0,4,521,192,C5,1,4,295,304,
92,294,3.4,-0.5,1,1,0,C0,0,-1,504,192,C0,1,1,488,192,C5,0,4,520,192,C5,1,4,296,308,
95,294,3.2,0.0,1,2,0,C0,0,-1,503,192,C0,1,1,489,192,C5,0,4,519,192,C5,1,4,297,312,
98,294,3.1,0.5,1,2,0,C0,0,-1,502,192,C0,1,1,490,192,C5,0,4,518,192,C5,1,4,298,316,
101,295,3.0,1.0,1,2,0,C0,0,-1,501,192,C0,1,1,491,192,C5,0,4,517,192,C5,1,4,299,320,
103,296,2.9,1.5,1,2,0,C0,0,-1,500,192,C0,1,1,492,192,C5,0,4,516,192,C5,1,4,300,324,
105,298,2.8,2.0,1,2,0,C0,0,-1,499,192,C0,1,1,493,192,C5,0,4,515,192,C5,1,4,301,328,
107,300,2.6,2.5,1,2,0,C0,0,-1,498,192,C0,1,1,494,192,C5,0,4,514,192,C5,1,4,302,332,
109,303,2.5,3.0,1,2,0,C0,0,-1,497,192,C0,1,1,495,192,C5,0,4,513,192,C5,1,4,303,336,
111,306,2.4,3.5,1,2,0,C0,0,-1,496,192,C0,1,1,496,192,C5,0,4,512,192,C5,1,4,304,340,
112,309,0.0,3.5,1,2,0,C0,0,-1,495,192,C0,1,1,497,192,C5,0,4,511,192,C5,1,4,305,344,
112,313,0.0,4.0,1,2,0,C0,0,-1,494,192,C0,1,1,498,192,C5,0,4,510,192,C5,1,4,306,348,
112,317,0.0,4.5,1,2,0,C0,0,-1,493,192,C0,1,1,499,192,C5,0,4,509,192,C5,1,4,307,352,
112,322,0.0,5.0,1,2,0,C0,0,-1,492,192,C0,1,1,500,192,C5,0,4,508,192,C5,1,4,308,356,
113,327,1.5,5.5,1,2,0,C0,0,-1,491,192,C0,1,1,501,192,C5,0,4,507,192,C5,1,4,309,360,
114,333,1.9,6.0,1,2,0,C0,0,-1,490,192,C0,1,1,502,192,C5,0,4,506,192,C5,1,4,310,364,
116,339,2.2,6.5,1,2,0,C0,0,-1,489,192,C0,1,1,503,192,C5,0,4,505,192,C5,1,4,311,368,
118,346,2.6,7.0,1,2,0,C0,0,-1,488,192,C0,1,1,504,192,C5,0,4,504,192,C5,1,4,312,372,
121,353,3.0,7.5,1,2,0,C0,0,-1,487,192,C0,1,1,505,192,C5,0,4,503,192,C5,1,4,313,376,
124,361,3.4,8.0,1,2,0,C0,0,-1,486,192,C0,1,1,506,192,C5,0,4,502,192,C5,1,4,314,380,
127,369,3.8,8.0,1,2,0,C0,0,-1,485,192,C0,1,1,507,192,C5,0,4,501,192,C5,1,4,315,384,
131,377,4.0,8.0,1,2,0,C0,0,-1,484,192,C0,1,1,508,192,C5,0,4,500,192,C5,1,4,316,384,
135,385,4.0,8.0,1,2,0,C0,0,-1,483,192,C0,1,1,509,192,C5,0,4,499,192,C5,1,4,317,384,
139,384,4.0,0.0,1,2,0,C0,0,-1,482,192,C0,1,1,510,192,C5,0,4,498,192,C5,1,4,318,384,
143,384,4.0,0.0,1,2,0,C0,0,-1,481,192,C0,1,1,511,192,C5,0,4,497,192,C5,1,4,319,384,
147,384,4.0,0.0,1,2,0,C0,0,-1,480,192,C0,1,1,512,192,C5,0,4,496,192,C5,1,4,320,384,
151,384,4.0,0.0,1,2,0,C0,0,-1,479,192,C0,1,1,513,192,C5,0,4,495,192,C5,1,4,321,384,
155,384,4.0,0.0,1,2,0,C0,0,-1,478,192,C0,1,1,514,192,C5,0,4,494,192,C5,1,4,322,384,
159,384,4.0,0.0,1,2,0,C0,0,-1,477,192,C0,1,1,515,192,C5,0,4,493,192,C5,1,4,323,384,
163,384,4.0,0.0,1,2,0,C0,0,-1,476,192,C0,1,1,516,192,C5,0,4,492,192,C5,1,4,324,384,
167,384,4.0,0.0,1,2,0,C0,0,-1,475,192,C0,1,1,517,192,C5,0,4,491,192,C5,1,4,325,384,
171,384,4.0,0.0,1,2,0,C0,0,-1,474,192,C0,1,1,518,192,C5,0,4,490,192,C5,1,4,326,384,
175,384,4.0,0.0,1,2,0,C0,0,-1,473,192,C0,1,1,519,192,C5,0,4,489,192,C5,1,4,327,384,
179,384,4.0,0.0,1,2,0,C0,0,-1,472,192,C0,1,1,520,192,C5,0,4,488,192,C5,1,4,328,384,
183,384,4.0,0.0,1,2,0,C0,0,-1,471,192,C0,1,1,521,192,C5,0,4,487,192,C5,1,4,329,384,
187,384,4.0,0.0,1,2,0,C0,0,-1,470,192,C0,1,1,522,192,C5,0,4,486,192,C5,1,4,330,384,
191,384,4.0,0.0,1,2,0,C0,0,-1,469,192,C0,1,1,523,192,C5,0,4,485,192,C5,1,4,331,384,
195,384,4.0,0.0,1,2,0,C0,0,-1,468,192,C0,1,1,524,192,C5,0,4,484,192,C5,1,4,332,384,
199,384,4.0,0.0,1,2,0,C0,0,-1,467,192,C0,1,1,525,192,C5,0,4,483,192,C5,1,4,333,384,
203,384,4.0,0.0,1,2,0,C0,0,-1,466,192,C0,1,1,526,192,C5,0,4,482,192,C5,1,4,334,384,
207,384,4.0,0.0,1,2,0,C0,0,-1,465,192,C0,1,1,527,192,C5,0,4,481,192,C5,1,4,335,384,
211,384,4.0,0.0,1,2,0,C0,0,-1,464,192,C0,1,-1,528,192,C5,0,4,480,192,C5,1,4,336,384,
215,384,4.0,0.0,1,2,0,C0,0,-1,463,192,C0,1,-1,527,192,C5,0,4,479,192,C5,1,4,337,384,
219,384,4.0,0.0,1,2,0,C0,0,-1,462,192,C0,1,-1,526,192,C5,0,4,478,192,C5,1,4,338,384,
223,384,4.0,0.0,1,2,0,C0,0,-1,461,192,C0,1,-1,525,192,C5,0,4,477,192,C5,1,4,339,384,
227,384,4.0,0.0,1,2,0,C0,0,-1,460,192,C0,1,-1,524,192,C5,0,4,476,192,C5,1,4,340,384,
231,384,4.0,0.0,1,2,0,C0,0,-1,459,192,C0,1,-1,523,192,C5,0,4,475,192,C5,1,4,341,384,
235,384,4.0,0.0,1,2,0,C0,0,-1,458,192,C0,1,-1,522,192,C5,0,4,474,192,C5,1,4,342,384,
239,384,4.0,0.0,1,2,0,C0,0,-1,457,192,C0,1,-1,521,192,C5,0,4,473,192,C5,1,4,343,384,
243,384,4.0,0.0,1,2,0,C0,0,-1,456,192,C0,1,-1,520,192,C5,0,4,472,192,C5,1,4,344,384,
247,384,4.0,0.0,1,2,0,C0,0,-1,455,192,C0,1,-1,519,192,C5,0,4,471,192,C5,1,4,345,384,
251,384,4.0,0.0,1,2,0,C0,0,-1,454,192,C0,1,-1,518,192,C5,0,4,470,192,C5,1,4,346,384,
255,384,4.0,0.0,1,2,0,C0,0,-1,453,192,C0,1,-1,517,192,C5,0,4,469,192,C5,1,4,347,384,
259,384,4.0,0.0,1,2,0,C0,0,-1,452,192,C0,1,-1,516,192,C5,0,4,468,192,C5,1,4,348,384,
263,384,4.0,0.0,1,2,0,C0,0,-1,451,192,C0,1,-1,515,192,C5,0,4,467,192,C5,1,4,349,384,
267,384,4.0,0.0,1,2,0,C0,0,-1,450,192,C0,1,-1,514,192,C5,0,4,466,192,C5,1,4,350,384,
271,384,4.0,0.0,1,2,0,C0,0,-1,449,192,C0,1,-1,513,192,C5,0,4,465,192,C5,1,4,351,384,
275,384,4.0,0.0,1,2,0,C0,0,-1,448,192,C0,1,-1,512,192,C5,0,4,464,192,C5,1,4,352,384,
279,384,4.0,0.0,1,2,0,C0,0,-1,447,192,C0,1,-1,511,192,C5,0,4,463,192,C5,1,4,353,384,
283,384,4.0,0.0,1,2,0,C0,0,-1,446,192,C0,1,-1,510,192,C5,0,4,462,192,C5,1,4,354,384,
287,384,4.0,0.0,1,2,0,C0,0,-1,445,192,C0,1,-1,509,192,C5,0,4,461,192,C5,1,4,355,384,
291,384,4.0,0.0,1,2,0,C0,0,-1,444,192,C0,1,-1,508,192,C5,0,4,460,192,C5,1,4,356,384,
294,384,3.9,0.0,1,2,0,C0,0,-1,443,192,C0,1,-1,507,192,C5,0,4,459,192,C5,1,4,357,384,
297,384,3.8,0.0,1,2,0,C0,0,-1,442,192,C0,1,-1,506,192,C5,0,4,458,192,C5,1,4,358,384,
300,384,3.6,0.0,1,2,0,C0,0,-1,441,192,C0,1,-1,505,192,C5,0,4,457,192,C5,1,4,359,384,
303,384,3.5,0.0,1,2,0,C0,0,-1,440,192,C0,1,-1,504,192,C5,0,4,456,192,C5,1,4,360,384,
306,384,3.4,0.0,1,2,0,C0,0,-1,439,192,C0,1,-1,503,192,C5,0,4,455,192,C5,1,4,361,384,
308,384,2.8,0.0,-1,2,0,C0,0,-1,438,192,C0,1,-1,502,192,C5,0,4,454,192,C5,1,4,362,384,
310,384,2.1,0.0,-1,2,0,C0,0,-1,437,192,C0,1,-1,501,192,C5,0,4,453,192,C5,1,4,363,384,
311,384,1.5,0.0,-1,2,0,C0,0,-1,436,192,C0,1,-1,500,192,C5,0,4,452,192,C5,1,4,364,384,
311,384,0.9,0.0,-1,2,0,C0,0,-1,435,192,C0,1,-1,499,192,C5,0,4,451,192,C5,1,4,365,384,
311,384,0.2,0.0,-1,2,0,C0,0,-1,434,192,C0,1,-1,498,192,C5,0,4,450,192,C5,1,4,366,384,
310,384,-0.4,0.0,-1,2,0,C0,0,-1,433,192,C0,1,-1,497,192,C5,0,4,449,192,C5,1,4,367,384,
309,384,-0.2,0.0,-1,2,0,C0,0,-1,432,192,C0,1,-1,496,192,C5,0,4,448,192,C5,1,4,368,384,
308,384,-0.1,0.0,-1,2,0,C0,0,1,432,192,C0,1,-1,495,192,C5,0,4,447,192,C5,1,4,367,384,
308,384,0.0,0.0,-1,2,0,C0,0,1,433,192,C0,1,-1,494,192,C5,0,4,446,192,C5,1,4,366,384,
308,384,0.0,0.0,-1,2,0,C0,0,1,434,192,C0,1,-1,493,192,C5,0,4,445,192,C5,1,4,365,384,
308,384,0.0,0.0,-1,2,0,C0,0,1,435,192,C0,1,-1,492,192,C5,0,4,444,192,C5,1,4,364,384,
308,384,0.0,0.0,-1,2,0,C0,0,1,436,192,C0,1,-1,491,192,C5,0,4,443,192,C5,1,4,363,384,
308,384,0.0,0.0,-1,2,0,C0,0,1,437,192,C0,1,-1,490,192,C5,0,4,442,192,C5,1,4,362,384,
308,384,0.0,0.0,-1,2,0,C0,0,1,438,192,C0,1,-1,489,192,C5,0,4,441,192,C5,1,4,361,384,
308,384,0.0,0.0,-1,2,0,C0,0,1,439,192,C0,1,-1,488,192,C5,0,4,440,192,C5,1,4,360,384,
308,384,0.0,0.0,-1,2,0,C0,0,1,440,192,C0,1,-1,487,192,C5,0,4,439,192,C5,1,4,359,384,
308,384,0.0,0.0,-1,2,0,C0,0,1,441,192,C0,1,-1,486,192,C5,0,4,438,192,C5,1,4,358,384,
308,384,0.0,0.0,-1,2,0,C0,0,1,442,192,C0,1,-1,485,192,C5,0,4,437,192,C5,1,4,357,384,
308,384,0.0,0.0,-1,2,0,C0,0,1,443,192,C0,1,-1,484,192,C5,0,4,436,192,C5,1,4,356,384,
308,384,0.0,0.0,-1,2,0,C0,0,1,444,192,C0,1,-1,483,192,C5,0,4,435,192,C5,1,4,355,384,
308,376,0.0,-8.0,-1,2,0,C0,0,1,445,192,C0,1,-1,482,192,C5,0,4,434,192,C5,1,4,354,384,
308,368,0.0,-7.5,-1,2,0,C0,0,1,446,192,C0,1,-1,481,192,C5,0,4,433,192,C5,1,4,353,384,
308,361,0.0,-7.0,-1,2,0,C0,0,1,447,192,C0,1,-1,480,192,C5,0,4,432,192,C5,1,4,352,384,
308,354,0.0,-6.5,-1,2,0,C0,0,1,448,192,C0,1,-1,479,192,C5,0,4,432,192,C5,1,4,351,384,
308,348,0.0,-6.0,-1,2,0,C0,0,1,449,192,C0,1,-1,478,192,C5,0,4,433,192,C5,1,4,350,384,
308,342,0.0,-5.5,-1,2,0,C0,0,1,450,192,C0,1,-1,477,192,C5,0,4,434,192,C5,1,4,349,384,
308,337,0.0,-5.0,-1,2,0,C0,0,1,451,192,C0,1,-1,476,192,C5,0,4,435,192,C5,1,4,348,384,
308,332,0.0,-4.5,-1,2,0,C0,0,1,452,192,C0,1,-1,475,192,C5,0,4,436,192,C5,1,4,347,384,
308,328,0.0,-4.0,-1,2,0,C0,0,1,453,192,C0,1,-1,474,192,C5,0,4,437,192,C5,1,4,346,384,
308,324,0.0,-3.5,-1,2,0,C0,0,1,454,192,C0,1,-1,473,192,C5,0,4,438,192,C5,1,4,345,384,
308,321,0.0,-3.0,-1,2,0,C0,0,1,455,192,C0,1,-1,472,192,C5,0,4,439,192,C5,1,4,344,384,
308,318,0.0,-2.5,-1,2,0,C0,0,1,456,192,C0,1,-1,471,192,C5,0,4,440,192,C5,1,4,343,384,
308,316,0.0,-2.0,-1,2,0,C0,0,1,457,192,C0,1,-1,470,192,C5,0,4,441,192,C5,1,4,342,384,
308,314,0.0,-1.5,-1,2,0,C0,0,1,458,192,C0,1,-1,469,192,C5,0,4,442,192,C5,1,4,341,384,
308,313,0.0,-1.0,-1,2,0,C0,0,1,459,192,C0,1,-1,468,192,C5,0,4,443,192,C5,1,4,340,384,
308,312,0.0,-0.5,-1,2,0,C0,0,1,460,192,C0,1,-1,467,192,C5,0,4,444,192,C5,1,4,339,384,
308,312,0.0,0.0,-1,2,0,C0,0,1,461,192,C0,1,-1,466,192,C5,0,4,445,192,C5,1,4,338,384,
308,312,0.0,0.5,-1,2,0,C0,0,1,462,192,C0,1,-1,465,192,C5,0,4,446,192,C5,1,4,337,384,
308,313,0.0,1.0,-1,2,0,C0,0,1,463,192,C0,1,-1,464,192,C5,0,4,447,192,C5,1,4,336,384,
308,314,0.0,1.5,-1,2,0,C0,0,1,464,192,C0,1,-1,463,192,C5,0,4,448,192,C5,1,4,335,384,
308,316,0.0,2.0,-1,2,0,C0,0,1,465,192,C0,1,-1,462,192,C5,0,4,449,192,C5,1,4,334,384,
308,318,0.0,2.5,-1,2,0,C0,0,1,466,192,C0,1,-1,461,192,C5,0,4,450,192,C5,1,4,333,384,
308,321,0.0,3.0,-1,2,0,C0,0,1,467,192,C0,1,-1,460,192,C5,0,4,451,192,C5,1,4,332,384,
308,320,0.0,0.0,-1,2,0,C0,0,1,468,192,C0,1,-1,459,192,C5,0,4,452,192,C5,1,4,331,384,
308,320,0.0,0.0,-1,2,0,C0,0,1,469,192,C0,1,-1,458,192,C5,0,4,453,192,C5,1,4,330,384,
308,320,0.0,0.0,-1,2,0,C0,0,1,470,192,C0,1,-1,457,192,C5,0,4,454,192,C5,1,4,329,384,
308,320,0.0,0.0,-1,2,0,C0,0,1,471,192,C0,1,-1,456,192,C5,0,4,455,192,C5,1,4,328,384,
308,320,0.0,0.0,-1,2,0,C0,0,1,472,192,C0,1,-1,455,192,C5,0,4,456,192,C5,1,4,327,384,
308,320,0.0,0.0,-1,2,0,C0,0,1,473,192,C0,1,-1,454,192,C5,0,4,457,192,C5,1,4,326,384,
308,320,0.0,0.0,-1,2,0,C0,0,1,474,192,C0,1,-1,453,192,C5,0,4,458,192,C5,1,4,325,384,
308,320,0.0,0.0,-1,2,0,C0,0,1,475,192,C0,1,-1,452,192,C5,0,4,459,192,C5,1,4,324,384,
308,320,0.0,0.0,-1,2,0,C0,0,1,476,192,C0,1,-1,451,192,C5,0,4,460,192,C5,1,4,323,384,
308,320,0.0,0.0,-1,2,0,C0,0,1,477,192,C0,1,-1,450,192,C5,0,4,461,192,C5,1,4,322,384,
308,320,0.0,0.0,-1,2,0,C0,0,1,478,192,C0,1,-1,449,192,C5,0,4,462,192,C5,1,4,321,384,
308,320,0.0,0.0,-1,2,0,C0,0,1,479,192,C0,1,-1,448,192,C5,0,4,463,192,C5,1,4,320,384,
308,320,0.0,0.0,-1,2,0,C0,0,1,480,192,C0,1,-1,447,192,C5,0,4,464,192,C5,1,4,319,384,
308,320,0.0,0.0,-1,2,0,C0,0,1,481,192,C0,1,-1,446,192,C5,0,4,465,192,C5,1,4,318,384,
308,320,0.0,0.0,-1,2,0,C0,0,1,482,192,C0,1,-1,445,192,C5,0,4,466,192,C5,1,4,317,384,
308,320,0.0,0.0,-1,2,0,C0,0,1,483,192,C0,1,-1,444,192,C5,0,4,467,192,C5,1,4,316,384,
308,320,0.0,0.0,-1,2,0,C0,0,1,484,192,C0,1,-1,443,192,C5,0,4,468,192,C5,1,4,315,384,
308,320,0.0,0.0,-1,2,0,C0,0,1,485,192,C0,1,-1,442,192,C5,0,4,469,192,C5,1,4,314,384,
307,320,-0.5,0.0,-1,2,0,C0,0,1,486,192,C0,1,-1,441,192,C5,0,4,470,192,C5,1,4,313,384,
306,320,-0.9,0.0,-1,2,0,C0,0,1,487,192,C0,1,-1,440,192,C5,0,4,471,192,C5,1,4,312,384,
304,320,-1.2,0.0,-1,2,0,C0,0,1,488,192,C0,1,-1,439,192,C5,0,4,472,192,C5,1,4,311,384,
302,320,-1.6,0.0,-1,2,0,C0,0,1,489,192,C0,1,-1,438,192,C5,0,4,473,192,C5,1,4,310,384,
300,320,-1.5,0.5,-1,2,0,C0,0,1,490,192,C0,1,-1,437,192,C5,0,4,474,192,C5,1,4,309,384,
298,321,-1.4,1.0,-1,2,0,C0,0,1,491,192,C0,1,-1,436,192,C5,0,4,475,192,C5,1,4,308,384,
296,322,-1.2,1.5,-1,2,0,C0,0,1,492,192,C0,1,-1,435,192,C5,0,4,476,192,C5,1,4,307,384,
294,324,-1.1,2.0,-1,2,0,C0,0,1,493,192,C0,1,-1,434,192,C5,0,4,477,192,C5,1,4,306,384,
293,326,-1.0,2.5,-1,2,0,C0,0,1,494,192,C0,1,-1,433,192,C5,0,4,478,192,C5,1,4,305,384,
292,329,-0.9,3.0,-1,2,0,C0,0,1,495,192,C0,1,-1,432,192,C5,0,4,479,192,C5,1,4,304,384,
291,332,-0.8,3.5,-1,2,0,C0,0,1,496,192,C0,1,1,432,192,C5,0,4,480,192,C5,1,4,303,384,
290,336,-0.6,4.0,-1,2,0,C0,0,1,497,192,C0,1,1,433,192,C5,0,4,481,192,C5,1,4,302,384,
289,340,-0.5,4.5,-1,2,0,C0,0,1,498,192,C0,1,1,434,192,C5,0,4,482,192,C5,1,4,301,384,
288,345,-0.4,5.0,-1,2,0,C0,0,1,499,192,C0,1,1,435,192,C5,0,4,483,192,C5,1,4,300,384,
287,350,-0.2,5.5,-1,2,0,C0,0,1,500,192,C0,1,1,436,192,C5,0,4,484,192,C5,1,4,299,384,
289,356,1.5,6.0,1,2,0,C0,0,1,501,192,C0,1,1,437,192,C5,0,4,485,192,C5,1,4,298,384,
290,362,1.9,6.5,1,2,0,C0,0,1,502,192,C0,1,1,438,192,C5,0,4,486,192,C5,1,4,297,384,
292,369,2.2,7.0,1,2,0,C0,0,1,503,192,C0,1,1,439,192,C5,0,4,487,192,C5,1,4,296,384,
294,365,2.1,-4.0,1,2,0,C0,0,1,504,192,C0,1,1,440,192,C5,0,4,488,192,C5,1,5,296,384,
296,361,2.0,-3.5,1,2,0,C0,0,1,505,192,C0,1,1,441,192,C5,0,4,489,192,C5,1,5,296,384,
297,358,1.9,-3.0,1,2,0,C0,0,1,506,192,C0,1,1,442,192,C5,0,4,490,192,C5,1,5,296,384,
298,355,1.8,-2.5,1,2,0,C0,0,1,507,192,C0,1,1,443,192,C5,0,4,491,192,C5,1,5,296,384,
299,353,1.6,-2.0,1,2,0,C0,0,1,508,192,C0,1,1,444,192,C5,0,4,492,192,C5,1,5,296,384,
300,351,1.0,-1.5,-1,2,0,C0,0,1,509,192,C0,1,1,445,192,C5,0,4,493,192,C5,1,5,296,384,
300,350,0.4,-1.0,-1,2,0,C0,0,1,510,192,C0,1,1,446,192,C5,0,4,494,192,C5,1,5,296,384,
299,349,-0.2,-0.5,-1,2,0,C0,0,1,511,192,C0,1,1,447,192,C5,0,4,495,192,C5,1,5,296,384,
298,349,-0.6,0.0,-1,2,0,C0,0,1,512,192,C0,1,1,448,192,C5,0,4,496,192,C5,1,5,296,384,
297,349,-1.0,0.5,-1,2,0,C0,0,1,513,192,C0,1,1,449,192,C5,0,4,497,192,C5,1,5,296,384,
295,350,-1.4,1.0,-1,2,0,C0,0,1,514,192,C0,1,1,450,192,C5,0,4,498,192,C5,1,5,296,384,
293,351,-1.8,1.5,-1,2,0,C0,0,1,515,192,C0,1,1,451,192,C5,0,4,499,192,C5,1,5,296,384,
291,353,-1.6,2.0,-1,2,0,C0,0,1,516,192,C0,1,1,452,192,C5,0,4,500,192,C5,1,5,296,384,
289,355,-1.5,2.5,-1,2,0,C0,0,1,517,192,C0,1,1,453,192,C5,0,4,501,192,C5,1,5,296,384,
287,358,-1.4,3.0,-1,2,0,C0,0,1,518,192,C0,1,1,454,192,C5,0,4,502,192,C5,1,5,296,384,
288,361,0.0,3.5,-1,2,0,C0,0,1,519,192,C0,1,1,455,192,C5,0,4,503,192,C5,1,5,296,384,
288,365,0.0,4.0,-1,2,0,C0,0,1,520,192,C0,1,1,456,192,C5,0,4,504,192,C5,1,5,296,384,
288,369,0.0,4.5,-1,2,0,C0,0,1,521,192,C0,1,1,457,192,C5,0,4,505,192,C5,1,5,296,384,
288,365,0.0,-4.0,-1,2,0,C0,0,1,522,192,C0,1,1,458,192,C5,0,4,506,192,C5,1,6,304,384,
288,361,0.0,-3.5,-1,2,0,C0,0,1,523,192,C0,1,1,459,192,C5,0,4,507,192,C5,1,6,312,384,
288,358,0.0,-3.0,-1,2,0,C0,0,1,524,192,C0,1,1,460,192,C5,0,4,508,192,C5,1,6,320,384,
288,355,0.0,-2.5,-1,2,0,C0,0,1,525,192,C0,1,1,461,192,C5,0,4,509,192,C5,1,6,328,384,
288,353,0.0,-2.0,-1,2,0,C0,0,1,526,192,C0,1,1,462,192,C5,0,4,510,192,C5,1,6,336,384,
288,351,0.0,-1.5,-1,2,0,C0,0,1,527,192,C0,1,1,463,192,C5,0,4,511,192,C5,1,6,344,384,
288,350,0.0,-1.0,-1,2,0,C0,0,-1,528,192,C0,1,1,464,192,C5,0,4,512,192,C5,1,6,352,384,
288,349,0.0,-0.5,-1,2,0,C0,0,-1,527,192,C0,1,1,465,192,C5,0,4,513,192,C5,1,6,360,384,
288,349,0.0,0.0,-1,2,0,C0,0,-1,526,192,C0,1,1,466,192,C5,0,4,514,192,C5,1,6,368,384,
288,349,0.0,0.5,-1,2,0,C0,0,-1,525,192,C0,1,1,467,192,C5,0,4,515,192,C5,1,6,360,384,
288,350,0.0,1.0,-1,2,0,C0,0,-1,524,192,C0,1,1,468,192,C5,0,4,516,192,C5,1,6,352,384,
288,351,0.0,1.5,-1,2,0,C0,0,-1,523,192,C0,1,1,469,192,C5,0,4,517,192,C5,1,6,344,384,
288,353,0.0,2.0,-1,2,0,C0,0,-1,522,192,C0,1,1,470,192,C5,0,4,518,192,C5,1,6,336,384,
288,355,0.0,2.5,-1,2,0,C0,0,-1,521,192,C0,1,1,471,192,C5,0,4,519,192,C5,1,6,328,384,
288,351,0.0,-4.0,-1,2,0,C0,0,-1,520,192,C0,1,1,472,192,C5,0,4,520,192,C5,1,6,320,384,
288,347,0.0,-3.5,-1,2,0,C0,0,-1,519,192,C0,1,1,473,192,C5,0,4,521,192,C5,1,6,312,384,
288,344,0.0,-3.0,-1,2,0,C0,0,-1,518,192,C0,1,1,474,192,C5,0,4,522,192,C5,1,6,304,384,
288,341,0.0,-2.5,-1,2,0,C0,0,-1,517,192,C0,1,1,475,192,C5,0,4,523,192,C5,1,6,296,384,
288,339,0.0,-2.0,-1,2,0,C0,0,-1,516,192,C0,1,1,476,192,C5,0,4,524,192,C5,1,6,288,384,
288,337,0.0,-1.5,-1,2,0,C0,0,-1,515,192,C0,1,1,477,192,C5,0,4,525,192,C5,1,6,280,384,
288,336,0.0,-1.0,-1,2,0,C0,0,-1,514,192,C0,1,1,478,192,C5,0,4,526,192,C5,1,6,272,384,
288,335,0.0,-0.5,-1,2,0,C0,0,-1,513,192,C0,1,1,479,192,C5,0,4,527,192,C5,1,6,264,384,
288,335,0.0,0.0,-1,2,0,C0,0,-1,512,192,C0,1,1,480,192,C5,0,4,528,192,C5,1,6,256,384,
288,335,0.0,0.5,-1,2,0,C0,0,-1,511,192,C0,1,1,481,192,C5,0,4,527,192,C5,1,6,248,384,
288,336,0.0,1.0,-1,2,0,C0,0,-1,510,192,C0,1,1,482,192,C5,0,4,526,192,C5,1,6,240,384,
288,337,0.0,1.5,-1,2,0,C0,0,-1,509,192,C0,1,1,483,192,C5,0,4,525,192,C5,1,6,232,384,
288,339,0.0,2.0,-1,2,0,C0,0,-1,508,192,C0,1,1,484,192,C5,0,4,524,192,C5,1,6,224,384,
289,341,1.5,2.5,1,2,0,C0,0,-1,507,192,C0,1,1,485,192,C5,0,4,523,192,C5,1,6,216,384,
290,344,1.9,3.0,1,2,0,C0,0,-1,506,192,C0,1,1,486,192,C5,0,4,522,192,C5,1,6,208,384,
292,347,2.2,3.5,1,2,0,C0,0,-1,505,192,C0,1,1,487,192,C5,0,4,521,192,C5,1,6,200,384,
294,351,2.6,4.0,1,2,0,C0,0,-1,504,192,C0,1,1,488,192,C5,0,4,520,192,C5,1,6,192,384,
297,355,3.0,4.5,1,2,0,C0,0,-1,503,192,C0,1,1,489,192,C5,0,4,519,192,C5,1,6,184,384,
300,360,3.4,5.0,1,2,0,C0,0,-1,502,192,C0,1,1,490,192,C5,0,4,518,192,C5,1,6,176,384,
303,365,3.8,5.5,1,2,0,C0,0,-1,501,192,C0,1,1,491,192,C5,0,4,517,192,C5,1,6,168,384,
307,371,4.0,6.0,1,2,0,C0,0,-1,500,192,C0,1,1,492,192,C5,0,4,516,192,C5,1,6,160,384,
311,377,4.0,6.5,1,2,0,C0,0,-1,499,192,C0,1,1,493,192,C5,0,4,515,192,C5,1,6,152,384,
315,384,4.0,7.0,1,2,0,C0,0,-1,498,192,C0,1,1,494,192,C5,0,4,514,192,C5,1,6,144,384,
319,384,4.0,0.0,1,2,0,C0,0,-1,497,192,C0,1,1,495,192,C5,0,4,513,192,C5,1,6,136,384,
323,384,4.0,0.0,1,2,0,C0,0,-1,496,192,C0,1,1,496,192,C5,0,4,512,192,C5,1,6,128,384,
327,376,4.0,-8.0,1,2,0,C0,0,-1,495,192,C0,1,1,497,192,C5,0,4,511,192,C5,1,6,120,384,
331,368,4.0,-7.5,1,2,0,C0,0,-1,494,192,C0,1,1,498,192,C5,0,4,510,192,C5,1,6,112,384,
334,361,3.6,-6.6,1,2,0,C0,0,-1,493,192,C0,1,1,499,192,C5,0,4,509,192,C5,1,6,104,384,
337,355,3.8,-5.8,1,2,0,C0,0,-1,492,192,C0,1,1,500,192,C5,0,4,508,192,C5,1,6,96,384,
340,350,3.9,-5.0,1,2,0,C0,0,-1,491,192,C0,1,1,501,192,C5,0,4,507,192,C5,1,6,88,384,
344,345,4.0,-4.2,1,2,0,C0,0,-1,490,192,C0,1,1,502,192,C5,0,4,506,192,C5,1,6,80,384,
348,340,4.0,-4.1,1,2,0,C0,0,-1,489,192,C0,1,1,503,192,C5,0,4,505,192,C5,1,6,72,384,
352,336,4.0,-3.6,1,2,0,C0,0,-1,488,192,C0,1,1,504,192,C5,0,4,504,192,C5,1,6,64,384,
356,332,4.0,-3.1,1,2,0,C0,0,-1,487,192,C0,1,1,505,192,C5,0,4,503,192,C5,1,6,56,384,
360,329,4.0,-2.6,1,2,0,C0,0,-1,486,192,C0,1,1,506,192,C5,0,4,502,192,C5,1,6,48,384,
364,326,4.0,-2.1,1,2,0,C0,0,-1,485,192,C0,1,1,507,192,C5,0,4,501,192,C5,1,6,40,384,
368,324,4.0,-1.6,1,2,0,C0,0,-1,484,192,C0,1,1,508,192,C5,0,4,500,192,C5,1,6,32,384,
371,322,3.9,-1.1,1,2,0,C0,0,-1,483,192,C0,1,1,509,192,C5,0,4,499,192,C5,1,6,32,384,
374,321,3.8,-0.6,1,2,0,C0,0,-1,482,192,C0,1,1,510,192,C5,0,4,498,192,C5,1,6,40,384,
377,320,3.6,-0.1,1,2,0,C0,0,-1,481,192,C0,1,1,511,192,C5,0,4,497,192,C5,1,6,48,384,
380,320,3.5,0.4,1,2,0,C0,0,-1,480,192,C0,1,1,512,192,C5,0,4,496,192,C5,1,6,56,384,
383,320,3.4,0.9,1,2,0,C0,0,-1,479,192,C0,1,1,513,192,C5,0,4,495,192,C5,1,6,64,384,
386,321,3.2,1.4,1,2,0,C0,0,-1,478,192,C0,1,1,514,192,C5,0,4,494,192,C5,1,6,72,384,
389,322,3.1,1.9,1,2,0,C0,0,-1,477,192,C0,1,1,515,192,C5,0,4,493,192,C5,1,6,80,384,
392,324,3.0,2.4,1,2,0,C0,0,-1,476,192,C0,1,1,516,192,C5,0,4,492,192,C5,1,6,88,384,
394,326,2.9,2.9,1,2,0,C0,0,-1,475,192,C0,1,1,517,192,C5,0,4,491,192,C5,1,6,96,384,
396,329,2.8,3.4,1,2,0,C0,0,-1,474,192,C0,1,1,518,192,C5,0,4,490,192,C5,1,6,104,384,
399,332,3.1,3.9,1,2,0,C0,0,-1,473,192,C0,1,1,519,192,C5,0,4,489,192,C5,1,6,112,384,
402,336,3.5,4.4,1,2,0,C0,0,-1,472,192,C0,1,1,520,192,C5,0,4,488,192,C5,1,6,120,384,
405,340,3.9,4.9,1,2,0,C0,0,-1,471,192,C0,1,1,521,192,C5,0,4,487,192,C5,1,6,128,384,
409,345,4.0,5.4,1,2,0,C0,0,-1,470,192,C0,1,1,522,192,C5,0,4,486,192,C5,1,6,136,384,
413,350,4.0,5.9,1,2,0,C0,0,-1,469,192,C0,1,1,523,192,C5,0,4,485,192,C5,1,6,144,384,
417,356,4.0,6.4,1,2,0,C0,0,-1,468,192,C0,1,1,524,192,C5,0,4,484,192,C5,1,6,152,384,
421,362,4.0,6.9,1,2,0,C0,0,-1,467,192,C0,1,1,525,192,C5,0,4,483,192,C5,1,6,160,384,
425,369,4.0,7.4,1,2,0,C0,0,-1,466,192,C0,1,1,526,192,C5,0,4,482,192,C5,1,6,168,384,
429,376,4.0,7.9,1,2,0,C0,0,-1,465,192,C0,1,1,527,192,C5,0,4,481,192,C5,1,6,176,384,
433,384,4.0,8.0,1,3,0,C0,0,-1,464,192,C0,1,-1,528,192,C5,0,4,480,192,C5,1,6,184,384,
437,384,4.0,0.0,1,3,0,C0,0,-1,463,192,C0,1,-1,527,192,C5,0,4,479,192,C5,1,6,192,384,
441,384,4.0,0.0,1,3,0,C0,0,-1,462,192,C0,1,-1,526,192,C5,0,4,478,192,C5,1,6,200,384,
445,384,4.0,0.0,1,3,0,C0,0,-1,461,192,C0,1,-1,525,192,C5,0,4,477,192,C5,1,6,208,384,
449,384,4.0,0.0,1,3,0,C0,0,-1,460,192,C0,1,-1,524,192,C5,0,4,476,192,C5,1,6,216,384,
453,384,4.0,0.0,1,3,0,C0,0,-1,459,192,C0,1,-1,523,192,C5,0,4,475,192,C5,1,6,224,384,
456,384,3.9,0.0,1,3,0,C0,0,-1,458,192,C0,1,-1,522,192,C5,0,4,474,192,C5,1,6,232,384,
459,384,3.8,0.0,1,3,0,C0,0,-1,457,192,C0,1,-1,521,192,C5,0,4,473,192,C5,1,6,240,384,
462,384,3.1,0.0,-1,3,0,C0,0,-1,456,192,C0,1,-1,520,192,C5,0,4,472,192,C5,1,6,248,384,
464,384,2.5,0.0,-1,3,0,C0,0,-1,455,192,C0,1,-1,519,192,C5,0,4,471,192,C5,1,6,256,384,
466,384,2.4,0.0,-1,3,0,C0,0,-1,454,192,C0,1,-1,518,192,C5,0,4,470,192,C5,1,6,264,384,
468,384,2.2,0.0,-1,3,0,C0,0,-1,453,192,C0,1,-1,517,192,C5,0,4,469,192,C5,1,6,272,384,
470,384,2.1,0.0,-1,3,0,C0,0,-1,452,192,C0,1,-1,516,192,C5,0,4,468,192,C5,1,6,280,384,
472,384,2.0,0.0,-1,3,0,C0,0,-1,451,192,C0,1,-1,515,192,C5,0,4,467,192,C5,1,6,288,384,
473,384,1.9,0.0,-1,3,0,C0,0,-1,450,192,C0,1,-1,514,192,C5,0,4,466,192,C5,1,6,296,384,
474,384,1.8,0.0,-1,3,0,C0,0,-1,449,192,C0,1,-1,513,192,C5,0,4,465,192,C5,1,6,304,384,
475,384,1.6,0.0,-1,3,0,C0,0,-1,448,192,C0,1,-1,512,192,C5,0,4,464,192,C5,1,6,312,384,
476,384,1.5,0.0,-1,3,0,C0,0,-1,447,192,C0,1,-1,511,192,C5,0,4,463,192,C5,1,6,320,384,
477,384,1.4,0.0,-1,3,0,C0,0,-1,446,192,C0,1,-1,510,192,C5,0,4,462,192,C5,1,6,328,384,
478,384,1.2,0.0,-1,3,0,C0,0,-1,445,192,C0,1,-1,509,192,C5,0,4,461,192,C5,1,6,336,384,
478,384,0.6,0.0,-1,3,0,C0,0,-1,444,192,C0,1,-1,508,192,C5,0,4,460,192,C5,1,6,344,384,
478,384,0.0,0.0,-1,3,0,C0,0,-1,443,192,C0,1,-1,507,192,C5,0,4,459,192,C5,1,6,352,384,
477,384,-0.5,0.0,-1,3,0,C0,0,-1,442,192,C0,1,-1,506,192,C5,0,4,458,192,C5,1,6,360,384,
476,384,-0.9,0.0,-1,3,0,C0,0,-1,441,192,C0,1,-1,505,192,C5,0,4,457,192,C5,1,6,368,384,
474,384,-1.2,0.0,-1,3,0,C0,0,-1,440,192,C0,1,-1,504,192,C5,0,4,456,192,C5,1,6,360,384,
472,384,-1.6,0.0,-1,3,0,C0,0,-1,439,192,C0,1,-1,503,192,C5,0,4,455,192,C5,1,6,352,384,
470,384,-2.0,0.0,-1,3,0,C0,0,-1,438,192,C0,1,-1,502,192,C5,0,4,454,192,C5,1,6,344,384,
467,384,-2.4,0.0,-1,3,0,C0,0,-1,437,192,C0,1,-1,501,192,C5,0,4,453,192,C5,1,6,336,384,
464,384,-2.8,0.0,-1,3,0,C0,0,-1,436,192,C0,1,-1,500,192,C5,0,4,452,192,C5,1,6,328,384,
460,384,-3.1,0.0,-1,3,0,C0,0,-1,435,192,C0,1,-1,499,192,C5,0,4,451,192,C5,1,6,320,384,
456,384,-3.5,0.0,-1,3,0,C0,0,-1,434,192,C0,1,-1,498,192,C5,0,4,450,192,C5,1,6,312,384,
452,384,-3.9,0.0,-1,3,0,C0,0,-1,433,192,C0,1,-1,497,192,C5,0,4,449,192,C5,1,6,304,384,
448,384,-4.0,0.0,-1,3,0,C0,0,-1,432,192,C0,1,-1,496,192,C5,0,4,448,192,C5,1,6,296,384,
444,384,-4.0,0.0,-1,3,0,C0,0,1,432,192,C0,1,-1,495,192,C5,0,4,447,192,C5,1,6,288,384,
440,376,-4.0,-8.0,-1,3,0,C0,0,1,433,192,C0,1,-1,494,192,C5,0,4,446,192,C5,1,6,280,384,
436,368,-4.0,-7.5,-1,3,0,C0,0,1,434,192,C0,1,-1,493,192,C5,0,4,445,192,C5,1,6,272,384,
432,361,-4.0,-7.0,-1,3,0,C0,0,1,435,192,C0,1,-1,492,192,C5,0,4,444,192,C5,1,6,264,384,
428,354,-4.0,-6.5,-1,3,0,C0,0,1,436,192,C0,1,-1,491,192,C5,0,4,443,192,C5,1,6,256,384,
424,348,-4.0,-6.0,-1,3,0,C0,0,1,437,192,C0,1,-1,490,192,C5,0,4,442,192,C5,1,6,248,384,
420,342,-4.0,-5.5,-1,3,0,C0,0,1,438,192,C0,1,-1,489,192,C5,0,4,441,192,C5,1,6,240,384,
416,337,-4.0,-5.0,-1,3,0,C0,0,1,439,192,C0,1,-1,488,192,C5,0,4,440,192,C5,1,6,232,384,
412,332,-4.0,-4.5,-1,3,0,C0,0,1,440,192,C0,1,-1,487,192,C5,0,4,439,192,C5,1,6,224,384,
408,328,-4.0,-4.0,-1,3,0,C0,0,1,441,192,C0,1,-1,486,192,C5,0,4,438,192,C5,1,6,216,384,
404,324,-4.0,-3.5,-1,3,0,C0,0,1,442,192,C0,1,-1,485,192,C5,0,4,437,192,C5,1,6,208,384,
400,321,-3.9,-3.0,-1,3,0,C0,0,1,443,192,C0,1,-1,484,192,C5,0,4,436,192,C5,1,6,200,384,
396,318,-3.8,-2.5,-1,3,0,C0,0,1,444,192,C0,1,-1,483,192,C5,0,4,435,192,C5,1,6,192,384,
392,316,-3.6,-2.0,-1,3,0,C0,0,1,445,192,C0,1,-1,482,192,C5,0,4,434,192,C5,1,6,184,384,
388,314,-3.5,-1.5,-1,3,0,C0,0,1,446,192,C0,1,-1,481,192,C5,0,4,433,192,C5,1,6,176,384,
384,313,-3.4,-1.0,-1,3,0,C0,0,1,447,192,C0,1,-1,480,192,C5,0,4,432,192,C5,1,6,168,384,
380,309,-3.2,-4.0,-1,3,0,C0,0,1,448,192,C0,1,-1,479,192,C5,0,4,432,192,C5,1,6,160,384,
377,305,-2.9,-3.2,-1,3,0,C0,0,1,449,192,C0,1,-1,478,192,C5,0,4,433,192,C5,1,6,152,384,
374,302,-2.5,-2.9,-1,3,0,C0,0,1,450,192,C0,1,-1,477,192,C5,0,4,434,192,C5,1,6,144,384,
371,299,-2.1,-2.6,-1,3,0,C0,0,1,451,192,C0,1,-1,476,192,C5,0,4,435,192,C5,1,6,136,384,
369,295,-1.8,-4.0,-1,3,0,C0,0,1,452,192,C0,1,-1,475,192,C5,0,4,436,192,C5,1,6,128,384,
367,291,-1.6,-3.9,-1,3,0,C0,0,1,453,192,C0,1,-1,474,192,C5,0,4,437,192,C5,1,6,120,384,
365,287,-1.5,-3.4,-1,3,0,C0,0,1,454,192,C0,1,-1,473,192,C5,0,4,438,192,C5,1,6,112,384,
363,284,-1.4,-2.9,-1,3,0,C0,0,1,455,192,C0,1,-1,472,192,C5,0,4,439,192,C5,1,6,104,384,
361,280,-1.2,-4.0,-1,3,0,C0,0,1,456,192,C0,1,-1,471,192,C5,0,4,440,192,C5,1,6,96,384,
359,276,-1.1,-3.5,-1,3,0,C0,0,1,457,192,C0,1,-1,470,192,C5,0,4,441,192,C5,1,6,88,384,
358,272,-1.0,-4.0,-1,3,0,C0,0,1,458,192,C0,1,-1,469,192,C5,0,4,442,192,C5,1,6,80,384,
357,268,-0.4,-3.5,1,3,0,C0,0,1,459,192,C0,1,-1,468,192,C5,0,4,443,192,C5,1,6,72,384,
357,265,0.2,-3.0,1,3,0,C0,0,1,460,192,C0,1,-1,467,192,C5,0,4,444,192,C5,1,6,64,384,
358,262,1.6,-2.5,1,3,0,C0,0,1,461,192,C0,1,-1,466,192,C5,0,4,445,192,C5,1,6,56,384,
360,260,2.0,-2.0,1,3,0,C0,0,1,462,192,C0,1,-1,465,192,C5,0,4,446,192,C5,1,6,48,384,
362,258,2.4,-1.5,1,3,0,C0,0,1,463,192,C0,1,-1,464,192,C5,0,4,447,192,C5,1,6,40,384,
364,257,2.8,-1.0,1,3,0,C0,0,1,464,192,C0,1,-1,463,192,C5,0,4,448,192,C5,1,6,32,384,
367,256,3.1,-0.5,1,3,0,C0,0,1,465,192,C0,1,-1,462,192,C5,0,4,449,192,C5,1,6,24,384,
370,256,3.5,0.0,1,3,0,C0,0,1,466,192,C0,1,-1,461,192,C5,0,4,450,192,C5,1,6,16,384,
373,256,3.4,0.5,1,3,0,C0,0,1,467,192,C0,1,-1,460,192,C5,0,4,451,192,C5,1,6,8,384,
376,257,3.2,1.0,1,3,0,C0,0,1,468,192,C0,1,-1,459,192,C5,0,4,452,192,C5,1,6,0,384,
379,258,3.1,1.5,1,3,0,C0,0,1,469,192,C0,1,-1,458,192,C5,0,4,453,192,
382,260,3.0,2.0,1,3,0,C0,0,1,470,192,C0,1,-1,457,192,C5,0,4,454,192,
384,262,2.9,2.5,1,3,0,C0,0,1,471,192,C0,1,-1,456,192,C5,0,4,455,192,
386,265,2.8,3.0,1,3,0,C0,0,1,472,192,C0,1,-1,455,192,C5,0,4,456,192,
388,268,2.6,3.5,1,3,0,C0,0,1,473,192,C0,1,-1,454,192,C5,0,4,457,192,
390,272,2.5,4.0,1,3,0,C0,0,1,474,192,C0,1,-1,453,192,C5,0,4,458,192,
392,272,2.4,0.0,1,3,0,C0,0,1,475,192,C0,1,-1,452,192,C5,0,4,459,192,
394,272,2.2,0.0,1,3,0,C0,0,1,476,192,C0,1,-1,451,192,C5,0,4,460,192,
396,272,2.1,0.0,1,3,0,C0,0,1,477,192,C0,1,-1,450,192,C5,0,4,461,192,
398,272,2.0,0.0,1,3,0,C0,0,1,478,192,C0,1,-1,449,192,C5,0,4,462,192,
399,272,1.9,0.0,1,3,0,C0,0,1,479,192,C0,1,-1,448,192,C5,0,4,463,192,
400,272,1.8,0.0,1,3,0,C0,0,1,480,192,C0,1,-1,447,192,C5,0,4,464,192,
401,272,1.6,0.0,1,3,0,C0,0,1,481,192,C0,1,-1,446,192,C5,0,4,465,192,
402,272,1.5,0.0,1,3,0,C0,0,1,482,192,C0,1,-1,445,192,C5,0,4,466,192,
403,272,1.4,0.0,1,3,0,C0,0,1,483,192,C0,1,-1,444,192,C5,0,4,467,192,
404,272,1.2,0.0,1,3,0,C0,0,1,484,192,C0,1,-1,443,192,C5,0,4,468,192,
405,272,1.1,0.0,1,3,0,C0,0,1,485,192,C0,1,-1,442,192,C5,0,4,469,192,
406,272,1.0,0.0,1,3,0,C0,0,1,486,192,C0,1,-1,441,192,C5,0,4,470,192,
406,272,0.9,0.0,1,3,0,C0,0,1,487,192,C0,1,-1,440,192,C5,0,4,471,192,
406,272,0.8,0.0,1,3,0,C0,0,1,488,192,C0,1,-1,439,192,C5,0,4,472,192,
406,272,0.6,0.0,1,3,0,C0,0,1,489,192,C0,1,-1,438,192,C5,0,4,473,192,
406,272,0.0,0.0,-1,3,0,C0,0,1,490,192,C0,1,-1,437,192,C5,0,4,474,192,
405,272,-0.5,0.0,-1,3,0,C0,0,1,491,192,C0,1,-1,436,192,C5,0,4,475,192,
404,272,-0.9,0.0,-1,3,0,C0,0,1,492,192,C0,1,-1,435,192,C5,0,4,476,192,
402,272,-1.2,0.0,-1,3,0,C0,0,1,493,192,C0,1,-1,434,192,C5,0,4,477,192,
400,272,-1.6,0.0,-1,3,0,C0,0,1,494,192,C0,1,-1,433,192,C5,0,4,478,192,
398,272,-1.5,0.0,-1,3,0,C0,0,1,495,192,C0,1,-1,432,192,C5,0,4,479,192,
396,272,-1.4,0.0,-1,3,0,C0,0,1,496,192,C0,1,1,432,192,C5,0,4,480,192,
394,272,-1.2,0.0,-1,3,0,C0,0,1,497,192,C0,1,1,433,192,C5,0,4,481,192,
392,272,-1.1,0.0,-1,3,0,C0,0,1,498,192,C0,1,1,434,192,C5,0,4,482,192,
391,264,-1.0,-8.0,-1,3,0,C0,0,1,499,192,C0,1,1,435,192,C5,0,4,483,192,
390,256,-0.9,-7.5,-1,3,0,C0,0,1,500,192,C0,1,1,436,192,C5,0,4,484,192,
389,249,-0.8,-7.0,-1,3,0,C0,0,1,501,192,C0,1,1,437,192,C5,0,4,485,192,
388,242,-0.6,-6.5,-1,3,0,C0,0,1,502,192,C0,1,1,438,192,C5,0,4,486,192,
387,236,-0.5,-6.0,-1,3,0,C0,0,1,503,192,C0,1,1,439,192,C5,0,4,487,192,
386,230,-0.4,-5.5,-1,3,0,C0,0,1,504,192,C0,1,1,440,192,C5,0,4,488,192,
385,225,-0.2,-5.0,-1,3,0,C0,0,1,505,192,C0,1,1,441,192,C5,0,4,489,192,
384,220,-0.1,-4.5,-1,3,0,C0,0,1,506,192,C0,1,1,442,192,C5,0,4,490,192,
384,216,0.0,-4.0,-1,3,0,C0,0,1,507,192,C0,1,1,443,192,C5,0,4,491,192,
384,212,0.0,-3.5,-1,3,0,C0,0,1,508,192,C0,1,1,444,192,C5,0,4,492,192,
384,209,0.0,-3.0,-1,3,0,C0,0,1,509,192,C0,1,1,445,192,C5,0,4,493,192,
384,206,0.0,-2.5,-1,3,0,C0,0,1,510,192,C0,1,1,446,192,C5,0,4,494,192,
384,204,0.0,-2.0,-1,3,0,C0,0,1,511,192,C0,1,1,447,192,C5,0,4,495,192,
384,202,0.0,-1.5,-1,3,0,C0,0,1,512,192,C0,1,1,448,192,C5,0,4,496,192,
385,201,1.5,-1.0,1,3,0,C0,0,1,513,192,C0,1,1,449,192,C5,0,4,497,192,
386,200,1.9,-0.5,1,3,0,C0,0,1,514,192,C0,1,1,450,192,C5,0,4,498,192,
388,200,2.2,0.0,1,3,0,C0,0,1,515,192,C0,1,1,451,192,C5,0,4,499,192,
390,200,2.6,0.5,1,3,0,C0,0,1,516,192,C0,1,1,452,192,C5,0,4,500,192,
393,201,3.0,1.0,1,3,0,C0,0,1,517,192,C0,1,1,453,192,C5,0,4,501,192,
396,202,3.4,1.5,1,3,0,C0,0,1,518,192,C0,1,1,454,192,C5,0,4,502,192,
399,198,3.8,-4.0,1,3,0,C0,0,1,519,192,C0,1,1,455,192,C5,0,4,503,192,
403,194,4.0,-3.5,1,3,0,C0,0,1,520,192,C0,1,1,456,192,C5,0,4,504,192,
401,191,1.5,-3.0,1,3,0,C0,0,1,521,192,C0,1,1,457,192,C5,0,4,505,192,
401,188,1.5,-2.5,1,2,0,C0,0,1,522,192,C0,1,1,458,192,C5,0,4,506,192,
401,186,1.5,-2.0,1,2,0,C0,0,1,523,192,C0,1,1,459,192,C5,0,4,507,192,
401,184,1.5,-1.5,1,2,0,C0,0,1,524,192,C0,1,1,460,192,C5,0,4,508,192,
401,183,1.5,-1.0,1,2,0,C0,0,1,525,192,C0,1,1,461,192,C5,0,4,509,192,
401,182,1.5,-0.5,1,2,0,C0,0,1,526,192,C0,1,1,462,192,C5,0,4,510,192,
401,182,1.5,0.0,1,2,0,C0,0,1,527,192,C0,1,1,463,192,C5,0,4,511,192,
401,182,1.5,0.5,1,2,0,C0,0,-1,528,192,C0,1,1,464,192,C5,0,4,512,192,
401,183,1.5,1.0,1,2,0,C0,0,-1,527,192,C0,1,1,465,192,C5,0,4,513,192,
402,184,1.9,1.5,1,2,0,C0,0,-1,526,192,C0,1,1,466,192,C5,0,4,514,192,
404,186,2.2,2.0,1,2,0,C0,0,-1,525,192,C0,1,1,467,192,C5,0,4,515,192,
406,182,2.6,-4.0,1,2,0,C0,0,-1,524,192,C0,1,1,468,192,C5,0,4,516,192,
409,178,3.0,-3.5,1,2,0,C0,0,-1,523,192,C0,1,1,469,192,C5,0,4,517,192,
412,175,3.4,-3.0,1,2,0,C0,0,-1,522,192,C0,1,1,470,192,C5,0,4,518,192,
415,172,3.8,-2.5,1,2,0,C0,0,-1,521,192,C0,1,1,471,192,C5,0,4,519,192,
419,170,4.0,-2.0,1,2,0,C0,0,-1,520,192,C0,1,1,472,192,C5,0,4,520,192,
422,168,3.9,-1.5,1,2,0,C0,0,-1,519,192,C0,1,1,473,192,C5,0,4,521,192,
425,167,3.8,-1.0,1,2,0,C0,0,-1,518,192,C0,1,1,474,192,C5,0,4,522,192,
428,166,3.6,-0.5,1,2,0,C0,0,-1,517,192,C0,1,1,475,192,C5,0,4,523,192,
431,166,3.5,0.0,1,2,0,C0,0,-1,516,192,C0,1,1,476,192,C5,0,4,524,192,
434,166,3.4,0.5,1,2,0,C0,0,-1,515,192,C0,1,1,477,192,C5,0,4,525,192,
437,167,3.2,1.0,1,2,0,C0,0,-1,514,192,C0,1,1,478,192,C5,0,4,526,192,
440,168,3.1,1.5,1,2,0,C0,0,-1,513,192,C0,1,1,479,192,C5,0,4,527,192,
443,170,3.0,2.0,1,2,0,C0,0,-1,512,192,C0,1,1,480,192,C5,0,4,528,192,
445,172,2.9,2.5,1,2,0,C0,0,-1,511,192,C0,1,1,481,192,C5,0,4,527,192,
447,175,2.8,3.0,1,2,0,C0,0,-1,510,192,C0,1,1,482,192,C5,0,4,526,192,
449,178,2.6,3.5,1,2,0,C0,0,-1,509,192,C0,1,1,483,192,C5,0,4,525,192,
451,182,2.5,4.0,1,2,0,C0,0,-1,508,192,C0,1,1,484,192,C5,0,4,524,192,
453,186,2.4,4.5,1,2,0,C0,0,-1,507,192,C0,1,1,485,192,C5,0,4,523,192,
455,191,2.2,5.0,1,2,0,C0,0,-1,506,192,C0,1,1,486,192,C5,0,4,522,192,
457,196,2.1,5.5,1,2,0,C0,0,-1,505,192,C0,1,1,487,192,C5,0,4,521,192,
459,192,2.0,0.0,1,2,0,C0,0,-1,504,192,C0,1,1,488,192,C5,0,4,520,192,
460,192,1.9,0.0,1,2,0,C0,0,-1,503,192,C0,1,1,489,192,C5,0,4,519,192,
461,192,1.8,0.0,1,2,0,C0,0,-1,502,192,C0,1,1,490,192,C5,0,4,518,192,
462,192,1.6,0.0,1,2,0,C0,0,-1,501,192,C0,1,1,491,192,C5,0,4,517,192,
464,192,2.0,0.0,1,2,0,C0,0,-1,500,192,C0,1,1,492,192,C5,0,4,516,192,
466,184,2.4,-8.0,1,2,0,C0,0,-1,499,192,C0,1,1,493,192,C5,0,4,515,192,
468,176,2.8,-7.5,1,2,0,C0,0,-1,498,192,C0,1,1,494,192,C5,0,4,514,192,
471,169,3.1,-7.0,1,2,0,C0,0,-1,497,192,C0,1,1,495,192,C5,0,4,513,192,
474,162,3.0,-6.5,1,2,0,C0,0,-1,496,192,C0,1,1,496,192,C5,0,4,512,192,
476,156,2.9,-6.0,1,2,0,C0,0,-1,495,192,C0,1,1,497,192,C5,0,4,511,192,
478,150,2.8,-5.5,1,2,0,C0,0,-1,494,192,C0,1,1,498,192,C5,0,4,510,192,
481,145,3.1,-5.0,1,2,0,C0,0,-1,493,192,C0,1,1,499,192,C5,0,4,509,192,
484,140,3.5,-4.5,1,2,0,C0,0,-1,492,192,C0,1,1,500,192,C5,0,4,508,192,
487,136,3.4,-4.0,1,2,0,C0,0,-1,491,192,C0,1,1,501,192,C5,0,4,507,192,
489,132,2.8,-3.5,-1,2,0,C0,0,-1,490,192,C0,1,1,502,192,C5,0,4,506,192,
491,129,2.1,-3.0,-1,2,0,C0,0,-1,489,192,C0,1,1,503,192,C5,0,4,505,192,
493,126,2.0,-2.5,-1,2,0,C0,0,-1,488,192,C0,1,1,504,192,C5,0,4,504,192,
494,124,1.9,-2.0,-1,2,0,C0,0,-1,487,192,C0,1,1,505,192,C5,0,4,503,192,
495,122,1.8,-1.5,-1,2,0,C0,0,-1,486,192,C0,1,1,506,192,C5,0,4,502,192,
496,121,1.6,-1.0,-1,2,0,C0,0,-1,485,192,C0,1,1,507,192,C5,0,4,501,192,
497,120,1.5,-0.5,-1,2,0,C0,0,-1,484,192,C0,1,1,508,192,C5,0,4,500,192,
498,120,1.4,0.0,-1,2,0,C0,0,-1,483,192,C0,1,1,509,192,C5,0,4,499,192,
499,120,1.2,0.5,-1,2,0,C0,0,-1,482,192,C0,1,1,510,192,C5,0,4,498,192,
499,121,0.6,1.0,-1,2,0,C0,0,-1,481,192,C0,1,1,511,192,C5,0,4,497,192,
499,122,0.0,1.5,-1,2,0,C0,0,-1,480,192,C0,1,1,512,192,C5,0,4,496,192,
499,124,0.0,2.0,-1,2,0,C0,0,-1,479,192,C0,1,1,513,192,C5,0,4,495,192,
499,126,0.0,2.5,-1,2,0,C0,0,-1,478,192,C0,1,1,514,192,C5,0,4,494,192,
499,129,0.0,3.0,-1,2,0,C0,0,-1,477,192,C0,1,1,515,192,C5,0,4,493,192,
498,132,-0.5,3.5,-1,2,0,C0,0,-1,476,192,C0,1,1,516,192,C5,0,4,492,192,
497,136,-0.9,4.0,-1,2,0,C0,0,-1,475,192,C0,1,1,517,192,C5,0,4,491,192,
496,140,-0.8,4.5,-1,2,0,C0,0,-1,474,192,C0,1,1,518,192,C5,0,4,490,192,
495,145,-0.6,5.0,-1,2,0,C0,0,-1,473,192,C0,1,1,519,192,C5,0,4,489,192,
494,150,-0.5,5.5,-1,2,0,C0,0,-1,472,192,C0,1,1,520,192,C5,0,4,488,192,
493,156,-0.4,6.0,-1,2,0,C0,0,-1,471,192,C0,1,1,521,192,C5,0,4,487,192,
492,162,-0.2,6.5,-1,2,0,C0,0,-1,470,192,C0,1,1,522,192,C5,0,4,486,192,
491,169,-0.1,7.0,-1,2,0,C0,0,-1,469,192,C0,1,1,523,192,C5,0,4,485,192,
491,176,0.0,7.5,-1,2,0,C0,0,-1,468,192,C0,1,1,524,192,C5,0,4,484,192,
491,172,0.0,-4.0,-1,2,0,C0,0,-1,467,192,C0,1,1,525,192,C5,0,5,484,192,
491,168,0.0,-3.5,-1,2,0,C0,0,-1,466,192,C0,1,1,526,192,C5,0,5,484,192,
491,165,0.0,-3.0,-1,2,0,C0,0,-1,465,192,C0,1,1,527,192,C5,0,5,484,192,
491,162,0.0,-2.5,-1,2,0,C0,0,-1,464,192,C0,1,-1,528,192,C5,0,5,484,192,
491,160,0.0,-2.0,-1,2,0,C0,0,-1,463,192,C0,1,-1,527,192,C5,0,5,484,192,
491,158,0.0,-1.5,-1,2,0,C0,0,-1,462,192,C0,1,-1,526,192,C5,0,5,484,192,
491,157,0.0,-1.0,-1,2,0,C0,0,-1,461,192,C0,1,-1,525,192,C5,0,5,484,192,
491,156,0.0,-0.5,-1,2,0,C0,0,-1,460,192,C0,1,-1,524,192,C5,0,5,484,192,
491,156,0.0,0.0,-1,2,0,C0,0,-1,459,192,C0,1,-1,523,192,C5,0,5,484,192,
491,156,0.0,0.5,-1,2,0,C0,0,-1,458,192,C0,1,-1,522,192,C5,0,5,484,192,
490,157,-0.5,1.0,-1,2,0,C0,0,-1,457,192,C0,1,-1,521,192,C5,0,5,484,192,
489,158,-0.4,1.5,-1,2,0,C0,0,-1,456,192,C0,1,-1,520,192,C5,0,5,484,192,
488,160,-0.2,2.0,-1,2,0,C0,0,-1,455,192,C0,1,-1,519,192,C5,0,5,484,192,
487,162,-0.1,2.5,-1,2,0,C0,0,-1,454,192,C0,1,-1,518,192,C5,0,5,484,192,
487,165,0.0,3.0,-1,2,0,C0,0,-1,453,192,C0,1,-1,517,192,C5,0,5,484,192,
486,168,-0.5,3.5,-1,2,0,C0,0,-1,452,192,C0,1,-1,516,192,C5,0,5,484,192,
485,172,-0.9,4.0,-1,2,0,C0,0,-1,451,192,C0,1,-1,515,192,C5,0,5,484,192,
483,176,-1.2,4.5,-1,2,0,C0,0,-1,450,192,C0,1,-1,514,192,C5,0,5,484,192,
481,172,-1.6,-4.0,-1,2,0,C0,0,-1,449,192,C0,1,-1,513,192,C5,0,6,492,192,
479,168,-2.0,-3.5,-1,2,0,C0,0,-1,448,192,C5,0,6,500,192,
476,165,-2.4,-3.0,-1,2,0,C0,0,-1,447,192,C5,0,6,508,192,
473,162,-2.8,-2.5,-1,2,0,C0,0,-1,446,192,C5,0,6,516,192,
469,160,-3.1,-2.0,-1,2,0,C0,0,-1,445,192,C5,0,6,524,192,
465,158,-3.5,-1.5,-1,2,0,C0,0,-1,444,192,C5,0,6,528,192,
461,157,-3.9,-1.0,-1,2,0,C0,0,-1,443,192,C5,0,6,520,192,
457,156,-4.0,-0.5,-1,2,0,C0,0,-1,442,192,C5,0,6,512,192,
453,156,-4.0,0.0,-1,2,0,C0,0,-1,441,192,C5,0,6,504,192,
449,156,-4.0,0.5,-1,2,0,C0,0,-1,440,192,C5,0,6,496,192,
445,157,-4.0,1.0,-1,2,0,C0,0,-1,439,192,C5,0,6,488,192,
441,158,-4.0,1.5,-1,2,0,C0,0,-1,438,192,C5,0,6,480,192,
437,160,-4.0,2.0,-1,2,0,C0,0,-1,437,192,C5,0,6,472,192,
433,162,-4.0,2.5,-1,2,0,C0,0,-1,436,192,C5,0,6,464,192,
429,165,-4.0,3.0,-1,2,0,C0,0,-1,435,192,C5,0,6,456,192,
425,168,-4.0,3.5,-1,2,0,C5,0,6,448,192,
421,172,-4.0,4.0,-1,2,0,C5,0,6,440,192,
417,176,-4.0,4.5,-1,2,0,C5,0,6,432,192,
413,172,-4.0,-4.0,-1,2,0,C5,0,5,432,192,
409,168,-4.0,-3.5,-1,2,0,C5,0,5,432,192,
405,165,-4.0,-3.0,-1,2,0,C5,0,5,432,192,
401,162,-4.0,-2.5,-1,2,0,C5,0,5,432,192,
397,160,-4.0,-2.0,-1,2,0,C5,0,5,432,192,
393,158,-4.0,-1.5,-1,2,0,C5,0,5,432,192,
389,157,-4.0,-1.0,-1,2,0,C5,0,5,432,192,
385,156,-4.0,-0.5,-1,2,0,C5,0,5,432,192,
381,156,-4.0,0.0,-1,2,0,C5,0,5,432,192,
377,156,-3.9,0.5,-1,2,0,C5,0,5,432,192,
373,157,-3.8,1.0,-1,2,0,C5,0,5,432,192,
369,158,-3.6,1.5,-1,2,0,C5,0,5,432,192,
365,160,-3.5,2.0,-1,2,0,C5,0,5,432,192,
362,162,-2.9,2.5,1,2,0,C5,0,5,432,192,
359,165,-2.2,3.0,1,2,0,C5,0,5,432,192,
357,168,-1.6,3.5,1,2,0,C5,0,5,432,192,
356,172,-1.0,4.0,1,2,0,C5,0,5,432,192,
355,176,-0.4,4.5,1,2,0,C5,0,5,432,192,
355,172,0.2,-4.0,1,2,0,C5,0,5,432,192,
356,168,1.6,-3.5,1,2,0,C5,0,5,432,192,
358,165,2.0,-3.0,1,2,0,C5,0,5,432,192,
360,162,2.4,-2.5,1,2,0,C5,0,5,432,192,
362,160,2.8,-2.0,1,2,0,C5,0,5,432,192,
365,158,3.1,-1.5,1,2,0,C5,0,5,432,192,
368,157,3.5,-1.0,1,2,0,C5,0,5,432,192,
371,156,3.9,-0.5,1,2,0,C5,0,5,432,192,
375,156,4.0,0.0,1,2,0,C5,0,5,432,192,
379,156,4.0,0.5,1,2,0,C5,0,5,432,192,
383,157,4.0,1.0,1,2,0,C5,0,5,432,192,
387,158,4.0,1.5,1,2,0,C5,0,5,432,192,
391,160,4.0,2.0,1,2,0,C5,0,5,432,192,
394,162,3.9,2.5,1,2,0,C5,0,5,432,192,
397,165,3.8,3.0,1,2,1,C5,0,5,432,192,
400,168,3.6,3.5,1,2,1,C5,0,5,432,192,
403,172,3.5,4.0,1,2,1,C5,0,5,432,192,
406,176,3.4,4.5,1,2,1,C5,0,5,432,192,
409,181,3.2,5.0,1,2,1,C5,0,5,432,192,
412,186,3.1,5.5,1,2,1,C5,0,5,432,192,
415,192,3.0,6.0,1,2,1,C5,0,5,432,192,
417,192,2.9,0.0,1,2,1,C5,0,5,432,192,
419,192,2.8,0.0,1,2,1,C5,0,7,433,192,
421,192,2.6,0.0,1,2,1,C5,0,7,435,192,
424,192,3.0,0.0,1,2,1,C5,0,7,437,192,
427,192,3.4,0.0,1,2,1,C5,0,7,440,192,
430,192,3.8,0.0,1,2,1,C5,0,7,443,192,
434,192,4.0,0.0,1,2,1,C5,0,7,446,192,
437,192,3.9,0.0,1,2,1,C5,0,7,450,192,
440,192,3.2,0.0,-1,2,1,C5,0,7,453,192,
442,192,2.6,0.0,-1,2,1,C5,0,7,424,192,
444,192,2.0,0.0,-1,2,1,C5,0,7,426,192,
445,192,1.4,0.0,-1,2,1,C5,0,7,428,192,
445,192,0.8,0.0,-1,2,1,C5,0,7,429,192,
445,192,0.1,0.0,-1,2,1,C5,0,7,429,192,
444,192,-0.5,0.0,-1,2,1,C5,0,7,429,192,
443,192,-0.9,0.0,-1,2,1,C5,0,7,428,192,
441,192,-1.2,0.0,-1,2,1,C5,0,7,427,192,
439,192,-1.6,0.0,-1,2,1,C5,0,7,425,192,
437,192,-2.0,0.0,-1,2,1,C5,0,7,423,192,
434,192,-2.4,0.0,-1,2,1,C5,0,7,421,192,
431,192,-2.8,0.0,-1,2,1,C5,0,7,418,192,
427,192,-3.1,0.0,-1,2,1,C5,0,7,415,192,
423,192,-3.5,0.0,-1,2,1,C5,0,7,411,192,
419,184,-3.9,-8.0,-1,2,1,C5,0,7,407,192,
415,176,-4.0,-7.5,-1,2,1,C5,0,7,403,184,
411,169,-4.0,-7.0,-1,2,1,C5,0,7,399,176,
407,162,-4.0,-6.5,-1,2,1,C5,0,7,395,169,
403,156,-4.0,-6.0,-1,2,1,C5,0,7,391,162,
399,150,-4.0,-5.5,-1,2,1,C5,0,7,387,156,
395,145,-4.0,-5.0,-1,2,1,C5,0,7,383,150,
391,140,-4.0,-4.5,-1,2,1,C5,0,7,379,145,
387,136,-4.0,-4.0,-1,2,1,C5,0,7,375,140,
383,132,-4.0,-3.5,-1,2,1,C5,0,7,371,136,
379,129,-4.0,-3.0,-1,2,1,C5,0,7,367,132,
375,126,-4.0,-2.5,-1,2,1,C5,0,7,363,129,
371,124,-4.0,-2.0,-1,2,1,C5,0,7,359,126,
367,122,-4.0,-1.5,-1,2,1,C5,0,7,355,124,
363,121,-4.0,-1.0,-1,2,1,C5,0,7,351,122,
359,120,-4.0,-0.5,-1,2,1,C5,0,7,347,121,
355,120,-4.0,0.0,-1,2,1,C5,0,7,343,120,
351,120,-4.0,0.5,-1,2,1,C5,0,7,339,120,
347,121,-4.0,1.0,-1,2,1,C5,0,7,335,120,
343,122,-4.0,1.5,-1,2,1,C5,0,7,331,121,
339,124,-4.0,2.0,-1,2,1,C5,0,7,327,122,
335,126,-4.0,2.5,-1,2,1,C5,0,7,323,124,
331,129,-4.0,3.0,-1,2,1,C5,0,7,319,126,
327,132,-4.0,3.5,-1,2,1,C5,0,7,315,129,
323,136,-4.0,4.0,-1,2,1,C5,0,7,311,132,
319,140,-4.0,4.5,-1,2,1,C5,0,7,307,136,
315,145,-3.9,5.0,-1,2,1,C5,0,7,303,140,
311,150,-3.8,5.5,-1,2,1,C5,0,7,299,145,
307,156,-3.6,6.0,-1,2,1,C5,0,7,295,150,
303,162,-3.5,6.5,-1,2,1,C5,0,7,291,156,
299,169,-3.4,7.0,-1,2,1,C5,0,7,287,162,
295,176,-3.2,7.5,-1,2,1,C5,0,7,283,169,
291,184,-3.1,8.0,-1,2,1,C5,0,7,279,176,
288,192,-3.0,8.0,-1,2,1,C5,0,7,275,184,
285,200,-2.9,8.0,-1,2,1,C5,0,7,272,192,
282,208,-2.8,8.0,-1,2,1,C5,0,7,269,200,
279,216,-2.6,8.0,-1,2,1,C5,0,7,266,208,
277,224,-2.0,8.0,1,2,1,C5,0,7,263,216,
275,232,-1.4,8.0,1,2,1,C5,0,7,293,224,
274,240,-0.8,8.0,1,2,1,C5,0,7,291,232,
273,248,-0.1,8.0,1,2,1,C5,0,7,290,240,
274,256,1.5,8.0,1,2,1,C5,0,7,289,248,
275,264,1.9,8.0,1,2,1,C5,0,7,290,256,
277,272,2.2,8.0,1,2,1,C5,0,7,291,264,
279,272,2.6,0.0,1,2,1,C5,0,7,293,272,
282,272,3.0,0.0,1,2,1,C5,0,7,295,272,
285,272,3.4,0.0,1,2,1,C5,0,7,298,272,
288,272,3.2,0.0,1,2,1,C5,0,7,301,272,
291,272,3.1,0.5,1,2,1,C5,0,7,304,272,
294,273,3.0,1.0,1,2,1,C5,0,7,307,272,
296,274,2.9,1.5,1,2,1,C5,0,7,310,273,
298,276,2.8,2.0,1,2,1,C5,0,7,312,274,
300,278,2.6,2.5,1,2,1,C5,0,7,314,276,
302,281,2.5,3.0,1,2,1,C5,0,7,316,278,
303,284,1.9,3.5,-1,2,1,C5,0,7,318,281,
304,288,1.2,4.0,-1,2,1,C5,0,7,287,284,
304,292,0.6,4.5,-1,2,1,C5,0,7,288,288,
304,297,0.0,5.0,-1,2,1,C5,0,7,288,292,
303,302,-0.5,5.5,-1,2,1,C5,0,7,288,297,
302,308,-0.9,6.0,-1,2,1,C5,0,7,287,302,
300,314,-1.2,6.5,-1,2,1,C5,0,7,286,308,
298,321,-1.1,7.0,-1,2,1,C5,0,7,284,314,
297,328,-1.0,7.5,-1,2,1,C5,0,7,282,321,
296,336,-0.9,8.0,-1,2,1,C5,0,7,281,328,
295,344,-0.8,8.0,-1,2,1,C5,0,7,280,336,
294,352,-0.6,8.0,-1,2,1,C5,0,7,279,344,
293,360,-0.5,8.0,-1,2,1,C5,0,7,278,352,
292,368,-0.4,8.0,-1,2,1,C5,0,7,277,360,
291,376,-0.2,8.0,-1,2,1,C5,0,7,276,368,
290,384,-0.1,8.0,-1,2,1,C5,0,7,275,376,
290,384,0.0,0.0,-1,2,1,C5,0,7,274,384,
290,384,0.0,0.0,-1,2,1,C5,0,7,274,384,
290,384,0.0,0.0,-1,2,1,C5,0,7,274,384,
290,384,0.0,0.0,-1,2,1,C5,0,7,274,384,
290,384,0.0,0.0,-1,2,1,C5,0,7,274,384,
290,384,0.0,0.0,-1,2,1,C5,0,7,274,384,
290,384,0.0,0.0,-1,2,1,C5,0,7,274,384,
290,384,0.0,0.0,-1,2,1,C5,0,7,274,384,
290,376,0.0,-8.0,-1,2,1,C5,0,7,274,384,
290,368,0.0,-7.5,-1,2,1,C5,0,7,274,376,
290,361,0.0,-7.0,-1,2,1,C5,0,7,274,368,
290,354,0.0,-6.5,-1,2,1,C5,0,7,274,361,
290,348,0.0,-6.0,-1,2,1,C5,0,7,274,354,
290,342,0.0,-5.5,-1,2,1,C5,0,7,274,348,
290,337,0.0,-5.0,-1,2,1,C5,0,7,274,342,
290,332,0.0,-4.5,-1,2,1,C5,0,7,274,337,
290,328,0.0,-4.0,-1,2,1,C5,0,7,274,332,
290,324,0.0,-3.5,-1,2,1,C5,0,7,274,328,
290,321,0.0,-3.0,-1,2,1,C5,0,7,274,324,
290,318,0.0,-2.5,-1,2,1,C5,0,7,274,321,
290,316,0.0,-2.0,-1,2,1,C5,0,7,274,318,
290,314,0.0,-1.5,-1,2,1,C5,0,7,274,316,
290,313,0.0,-1.0,-1,2,1,C5,0,7,274,314,
290,309,0.0,-4.0,-1,2,1,C5,0,7,274,313,
290,305,0.0,-3.5,-1,2,1,C5,0,7,274,309,
290,301,0.0,-4.0,-1,2,1,C5,0,7,274,305,
290,297,0.0,-3.5,-1,2,1,C5,0,7,274,301,
290,294,0.0,-3.0,-1,2,1,C5,0,7,274,297,
290,291,0.0,-2.5,-1,2,1,C5,0,7,274,294,
290,287,0.0,-4.0,-1,2,1,C5,0,7,274,291,
290,283,0.0,-3.5,-1,2,1,C5,0,7,274,287,
290,279,0.0,-4.0,-1,2,1,C5,0,7,274,283,
290,275,0.0,-3.5,-1,2,1,C5,0,7,274,279,
290,272,0.0,-3.0,-1,2,1,C5,0,7,274,275,
290,269,0.0,-2.5,-1,2,1,C5,0,7,274,272,
290,267,0.0,-2.0,-1,2,1,C5,0,7,274,269,
290,265,0.0,-1.5,-1,2,1,C5,0,7,274,267,
290,264,0.0,-1.0,-1,2,1,C5,0,7,274,265,
290,263,0.0,-0.5,-1,2,1,C5,0,7,274,264,
290,263,0.0,0.0,-1,2,1,C5,0,7,274,263,
290,263,0.0,0.5,-1,2,1,C5,0,7,274,263,
289,264,-0.5,1.0,-1,2,1,C5,0,7,274,263,
288,265,-0.9,1.5,-1,2,1,C5,0,7,273,264,
286,267,-1.2,2.0,-1,2,1,C5,0,7,272,265,
284,269,-1.6,2.5,-1,2,1,C5,0,7,270,267,
282,272,-1.5,3.0,-1,2,1,C5,0,7,268,269,
280,272,-1.4,0.0,-1,2,1,C5,0,7,266,272,
278,272,-1.2,0.0,-1,2,1,C5,0,7,264,272,
276,272,-1.1,0.0,-1,2,1,C5,0,7,262,272,
275,272,-1.0,0.0,-1,2,0,C5,0,6,256,272,
274,272,-0.9,0.0,-1,2,0,C5,0,6,248,276,
273,272,-0.8,0.0,-1,2,0,C5,0,6,240,280,
272,272,-0.6,0.0,-1,2,0,C5,0,6,232,284,
271,272,-0.5,0.0,-1,2,0,C5,0,6,224,288,
270,272,-0.4,0.0,-1,2,0,C5,0,6,216,288,
269,272,-0.2,0.0,-1,2,0,C5,0,6,208,292,
268,272,-0.1,0.0,-1,2,0,C5,0,6,200,296,
268,272,0.0,0.0,-1,2,0,C5,0,6,192,300,
268,272,0.0,0.0,-1,2,0,C5,0,6,184,304,
268,272,0.0,0.0,-1,2,0,C5,0,6,176,308,
268,272,0.0,0.0,-1,2,0,C5,0,6,176,304,
268,272,0.0,0.0,-1,2,0,C5,0,6,184,304,
268,272,0.0,0.0,-1,2,0,C5,0,6,192,304,
268,272,0.0,0.0,-1,2,0,C5,0,6,200,304,
268,272,0.0,0.0,-1,2,0,C5,0,6,208,304,
268,272,0.0,0.0,-1,2,0,C5,0,6,200,304,
268,272,0.0,0.0,-1,2,0,C5,0,6,192,304,
268,272,0.0,0.0,-1,2,0,C5,0,6,184,304,
268,272,0.0,0.0,-1,2,0,C5,0,6,176,308,
268,272,0.0,0.0,-1,2,0,C5,0,6,176,304,
268,272,0.0,0.0,-1,2,0,C5,0,6,184,304,
268,272,0.0,0.0,-1,2,0,C5,0,6,192,304,
268,272,0.0,0.0,-1,2,0,C5,0,6,200,304,
268,272,0.0,0.0,-1,2,0,C5,0,6,208,304,
268,272,0.0,0.0,-1,2,0,C5,0,6,216,304,
268,272,0.0,0.0,-1,2,0,C5,0,6,224,308,
268,272,0.0,0.0,-1,2,0,C5,0,6,216,304,
268,272,0.0,0.0,-1,2,0,C5,0,6,208,304,
268,272,0.0,0.0,-1,2,0,C5,0,6,200,304,
268,272,0.0,0.0,-1,2,0,C5,0,6,192,304,
268,272,0.0,0.0,-1,2,0,C5,0,6,184,304,
268,272,0.0,0.0,-1,2,0,C5,0,6,176,308,
268,272,0.0,0.0,-1,2,0,C5,0,6,176,304,
268,272,0.0,0.0,-1,2,0,C5,0,6,184,304,
268,272,0.0,0.0,-1,2,0,C5,0,6,192,304,
268,272,0.0,0.0,-1,2,0,C5,0,6,200,304,
268,272,0.0,0.0,-1,2,0,C5,0,6,208,304,
268,272,0.0,0.0,-1,2,0,C5,0,6,216,304,
268,272,0.0,0.0,-1,2,0,C5,0,6,224,308,
268,272,0.0,0.0,-1,2,0,C5,0,6,232,312,
268,272,0.0,0.0,-1,2,0,C5,0,6,240,316,
268,272,0.0,0.0,-1,2,0,C5,0,6,248,320,
268,272,0.0,0.0,-1,2,0,C5,0,6,256,324,
268,272,0.0,0.0,-1,2,0,C5,0,6,248,320,
268,272,0.0,0.0,-1,2,0,C5,0,6,240,320,
268,272,0.0,0.0,-1,2,0,C5,0,6,232,320,
268,272,0.0,0.0,-1,2,0,C5,0,6,224,320,
268,272,0.0,0.0,-1,2,0,C5,0,6,224,320,
268,272,0.0,0.0,-1,2,0,C5,0,6,232,320,
268,272,0.0,0.0,-1,2,0,C5,0,6,240,320,
268,272,0.0,0.0,-1,2,0,C5,0,6,248,320,
268,272,0.0,0.0,-1,2,0,C5,0,6,256,324,
268,272,0.0,0.0,-1,2,0,C5,0,6,248,320,
268,272,0.0,0.0,-1,2,0,C5,0,6,240,320,
268,272,0.0,0.0,-1,2,0,C5,0,6,232,320,
268,272,0.0,0.0,-1,2,0,C5,0,6,224,320,
268,272,0.0,0.0,-1,2,0,C5,0,6,216,320,
268,272,0.0,0.0,-1,2,0,C5,0,6,208,324,
268,272,0.0,0.0,-1,2,0,C5,0,6,208,328,
268,272,0.0,0.0,-1,2,0,C5,0,6,216,320,
268,272,0.0,0.0,-1,2,0,C5,0,6,224,320,
268,272,0.0,0.0,-1,2,0,C5,0,6,232,320,
268,272,0.0,0.0,-1,2,0,C5,0,6,240,320,
268,272,0.0,0.0,-1,2,0,C5,0,6,248,320,
268,272,0.0,0.0,-1,2,0,C5,0,6,256,324,
268,272,0.0,0.0,-1,2,0,C5,0,6,248,320,
268,272,0.0,0.0,-1,2,0,C5,0,6,240,320,
268,272,0.0,0.0,-1,2,0,C5,0,6,232,320,
268,272,0.0,0.0,-1,2,0,C5,0,6,224,320,
268,272,0.0,0.0,-1,2,0,C5,0,6,216,320,
268,272,0.0,0.0,-1,2,0,C5,0,6,208,324,
268,272,0.0,0.0,-1,2,0,C5,0,6,200,328,
268,272,0.0,0.0,-1,2,0,C5,0,6,192,332,
268,272,0.0,0.0,-1,2,0,C5,0,6,184,336,
268,272,0.0,0.0,-1,2,0,C5,0,6,176,340,
268,272,0.0,0.0,-1,2,0,C5,0,6,176,336,
268,272,0.0,0.0,-1,2,0,C5,0,6,184,340,
268,272,0.0,0.0,-1,2,0,C5,0,6,192,344,
268,272,0.0,0.0,-1,2,0,C5,0,6,200,348,
268,272,0.0,0.0,-1,2,0,C5,0,6,208,352,
268,272,0.0,0.0,-1,2,0,C5,0,6,216,352,
268,272,0.0,0.0,-1,2,0,C5,0,6,224,352,
268,272,0.0,0.0,-1,2,0,C5,0,6,232,352,
268,272,0.0,0.0,-1,2,0,C5,0,6,240,352,
268,272,0.0,0.0,-1,2,0,C5,0,6,248,352,
268,272,0.0,0.0,-1,2,0,C5,0,6,256,352,
268,272,0.0,0.0,-1,2,0,C5,0,6,248,352,
268,272,0.0,0.0,-1,2,0,C5,0,6,240,352,
268,272,0.0,0.0,-1,2,0,C5,0,6,232,352,
268,272,0.0,0.0,-1,2,0,C5,0,6,224,352,
268,272,0.0,0.0,-1,2,0,C5,0,6,216,352,
268,272,0.0,0.0,-1,2,0,C5,0,6,208,352,
268,272,0.0,0.0,-1,2,0,C5,0,6,200,352,
268,272,0.0,0.0,-1,2,0,C5,0,6,192,352,
268,272,0.0,0.0,-1,2,0,C5,0,6,184,352,
268,272,0.0,0.0,-1,2,0,C5,0,6,176,352,
268,272,0.0,0.0,-1,2,0,C5,0,6,176,352,
268,272,0.0,0.0,-1,2,0,C5,0,6,184,352,
268,272,0.0,0.0,-1,2,0,C5,0,6,192,352,
268,272,0.0,0.0,-1,2,0,C5,0,6,200,352,
268,272,0.0,0.0,-1,2,0,C5,0,6,208,352,
268,272,0.0,0.0,-1,2,0,C5,0,6,216,352,
268,272,0.0,0.0,-1,2,0,C5,0,6,224,352,
268,272,0.0,0.0,-1,2,0,C5,0,6,232,352,
267,272,-0.5,0.0,-1,2,0,C5,0,6,240,352,
266,272,-0.9,0.0,-1,2,0,C5,0,6,248,352,
264,272,-1.2,0.0,-1,2,0,C5,0,6,256,352,
262,272,-1.6,0.0,-1,2,0,C5,0,6,248,352,
260,272,-2.0,0.0,-1,2,0,C5,0,6,240,352,
257,272,-2.4,0.0,-1,2,0,C5,0,6,232,352,
254,272,-2.8,0.0,-1,2,0,C5,0,6,224,352,
250,272,-3.1,0.5,-1,2,0,C5,0,6,216,352,
246,273,-3.5,1.0,-1,2,0,C5,0,6,208,352,
242,274,-3.9,1.5,-1,2,0,C5,0,6,200,352,
238,276,-3.8,2.0,-1,2,0,C5,0,6,192,352,
234,278,-3.6,2.5,-1,2,0,C5,0,6,184,352,
230,281,-3.5,3.0,-1,2,0,C5,0,6,176,352,
226,284,-3.4,3.5,-1,2,0,C5,0,6,176,352,
222,288,-3.2,4.0,-1,2,0,C5,0,6,184,352,
218,292,-3.1,4.5,-1,2,0,C5,0,6,192,352,
215,297,-3.0,5.0,-1,2,0,C5,0,6,200,352,
212,301,-2.6,4.8,-1,2,0,C5,0,6,208,352,
209,305,-2.2,4.1,-1,2,0,C5,0,6,216,352,
207,308,-1.9,3.4,-1,2,0,C5,0,6,224,352,
205,311,-1.8,3.2,-1,2,0,C5,0,6,232,352,
203,314,-1.6,3.0,-1,2,0,C5,0,6,240,352,
201,316,-1.5,2.8,-1,2,0,C5,0,6,248,352,
199,318,-1.4,2.6,-1,2,0,C5,0,6,256,352,
197,320,-1.2,2.4,-1,2,0,C5,0,6,248,352,
195,322,-1.1,2.2,-1,2,0,C5,0,6,240,352,
194,324,-1.0,2.1,-1,2,0,C5,0,6,232,352,
193,325,-0.9,1.9,-1,2,0,C5,0,6,224,352,
192,326,-0.8,1.9,-1,2,0,C5,0,6,216,352,
191,328,-0.6,2.0,-1,2,0,C5,0,6,208,352,
190,329,-0.5,1.8,-1,2,0,C5,0,6,200,352,
189,330,-0.4,1.9,-1,2,0,C5,0,6,192,352,
188,331,-0.2,1.9,-1,2,0,C5,0,6,184,352,
187,333,-0.1,2.0,-1,2,0,C5,0,6,176,352,
187,334,0.0,1.8,-1,2,0,C5,0,6,176,352,
187,335,0.0,1.9,-1,2,0,C5,0,6,184,352,
187,336,0.0,1.9,-1,2,0,C5,0,6,192,352,
187,332,0.0,-4.0,-1,2,0,C5,0,5,192,352,
187,328,0.0,-3.7,-1,2,0,C5,0,5,192,352,
187,324,0.0,-3.4,-1,2,0,C5,0,5,192,352,
187,320,0.0,-3.1,-1,2,0,C5,0,5,192,352,
187,317,0.0,-2.8,-1,2,0,C5,0,5,192,352,
187,314,0.0,-2.4,-1,2,0,C5,0,5,192,352,
187,311,0.0,-2.1,-1,2,0,C5,0,5,192,352,
187,309,0.0,-1.8,-1,2,0,C5,0,5,192,352,
187,307,0.0,-1.8,-1,2,0,C5,0,5,192,352,
187,305,0.0,-1.7,-1,2,0,C5,0,5,192,352,
187,303,0.0,-1.6,-1,2,0,C5,0,5,192,352,
187,301,0.0,-1.6,-1,2,0,C5,0,5,192,352,
187,299,0.0,-1.5,-1,2,0,C5,0,5,192,352,
187,297,0.0,-1.4,-1,2,0,C5,0,5,192,352,
187,295,0.0,-1.4,-1,2,0,C5,0,5,192,352,
187,293,0.0,-1.3,-1,2,0,C5,0,5,192,352,
187,292,0.0,-0.8,-1,2,0,C5,0,5,192,352,
188,291,1.5,-0.3,1,2,0,C5,0,5,192,352,
189,291,1.9,0.2,1,2,0,C5,0,5,192,352,
191,291,2.2,0.7,1,2,0,C5,0,5,192,352,
193,292,2.6,1.2,1,2,0,C5,0,5,192,352,
196,293,3.0,1.7,1,2,0,C5,0,5,192,352,
199,295,3.4,2.2,1,2,0,C5,0,5,192,352,
202,297,3.8,2.7,1,2,0,C5,0,5,192,352,
205,299,3.9,2.9,1,2,0,C5,0,5,192,352,
209,301,4.0,2.8,1,2,0,C5,0,5,192,352,
212,303,3.6,2.6,1,2,0,C5,0,5,192,352,
215,305,3.8,2.4,1,2,0,C5,0,5,192,352,
218,307,3.9,2.2,1,2,0,C5,0,5,192,352,
222,309,4.0,2.0,1,2,0,C5,0,5,192,352,
225,310,3.6,1.8,1,2,0,C5,0,5,192,352,
228,311,3.8,1.9,1,2,0,C5,0,5,192,352,
231,312,3.9,1.9,1,2,0,C5,0,5,192,352,
235,314,4.0,2.0,1,2,0,C5,0,5,192,352,
238,315,3.6,1.8,1,2,0,C5,0,5,192,352,
241,316,3.8,1.9,1,2,0,C5,0,5,192,352,
244,317,3.9,1.9,1,2,0,C5,0,5,192,352,
248,319,4.0,2.0,1,2,0,C5,0,5,192,352,
251,320,3.6,1.8,1,2,0,C5,0,5,192,352,
254,320,3.8,0.0,1,2,0,C5,0,5,192,352,
257,320,3.9,0.0,1,2,0,C5,0,5,192,352,
256,320,0.0,0.1,1,2,0,C5,0,5,192,352,
256,320,0.0,0.1,1,2,0,C5,0,5,192,352,
256,320,0.0,0.2,1,2,0,C5,0,5,192,352,
256,320,0.0,0.2,1,2,0,C5,0,5,192,352,
256,320,0.0,0.3,1,2,0,C5,0,5,192,352,
256,320,0.0,0.4,1,2,0,C5,0,5,192,352,
256,320,0.0,0.4,1,2,0,C5,0,5,192,352,
256,320,0.0,0.5,1,2,0,C5,0,5,192,352,
256,320,0.0,0.6,1,2,0,C5,0,5,192,352,
256,320,0.0,0.6,1,2,0,C5,0,5,192,352,
256,320,0.0,0.7,1,2,0,C5,0,5,192,352,
256,320,0.0,0.8,1,2,0,C5,0,5,192,352,
256,320,0.0,0.8,1,2,0,C5,0,5,192,352,
256,320,0.0,0.9,1,2,0,C5,0,5,192,352,
256,320,0.0,0.9,1,2,0,C5,0,5,192,352,
256,321,0.0,1.0,1,2,0,C5,0,5,192,352,
256,322,0.0,1.1,1,2,0,C5,0,5,192,352,
256,323,0.0,1.1,1,2,0,C5,0,5,192,352,
256,324,0.0,1.2,1,2,0,C5,0,5,192,352,
256,325,0.0,1.2,1,2,0,C5,0,5,192,352,
256,326,0.0,1.3,1,2,0,C5,0,5,192,352,
256,327,0.0,1.4,1,2,0,C5,0,5,192,352,
256,328,0.0,1.4,1,2,0,C5,0,5,192,352,
256,329,0.0,1.5,1,2,0,C5,0,5,192,352,
256,330,0.0,1.6,1,2,0,C5,0,5,192,352,
256,331,0.0,1.6,1,2,0,C5,0,5,192,352,
256,332,0.0,1.7,1,2,0,C5,0,5,192,352,
256,333,0.0,1.8,1,2,0,C5,0,5,192,352,
256,334,0.0,1.8,1,2,0,C5,0,5,192,352,
256,335,0.0,1.9,1,2,0,C5,0,5,192,352,
256,336,0.0,1.9,1,2,0,C5,0,5,192,352,
256,338,0.0,2.0,1,2,0,C5,0,5,192,352,
256,339,0.0,1.8,1,2,0,C5,0,5,192,352,
256,340,0.0,1.9,1,2,0,C5,0,5,192,352,
256,341,0.0,1.9,1,2,0,C5,0,5,192,352,
256,343,0.0,2.0,1,2,0,C5,0,5,192,352,
256,344,0.0,1.8,1,2,0,C5,0,5,192,352,
256,345,0.0,1.9,1,2,0,C5,0,5,192,352,
256,346,0.0,1.9,1,2,0,C5,0,5,192,352,
256,348,0.0,2.0,1,2,0,C5,0,5,192,352,
256,349,0.0,1.8,1,2,0,C5,0,5,192,352,
256,350,0.0,1.9,1,2,0,C5,0,5,192,352,
256,351,0.0,1.9,1,2,0,C5,0,5,192,352,
256,353,0.0,2.0,1,2,0,C5,0,5,192,352,
256,352,0.0,0.0,1,2,0,C5,0,5,192,352,
256,352,0.0,0.0,1,2,0,C5,0,5,192,352,
256,352,0.0,0.0,1,2,0,C5,0,5,192,352,
256,352,0.0,0.0,1,2,0,C5,0,5,192,352,
256,352,0.0,0.0,1,2,0,C5,0,5,192,352,
255,352,-0.5,0.0,-1,2,1,C5,0,5,192,352,
254,352,-0.9,0.0,-1,2,1,C5,0,5,192,352,
252,352,-1.2,0.0,-1,2,1,C5,0,5,192,352,
250,352,-1.6,0.0,-1,2,1,C5,0,5,192,352,
248,352,-2.0,0.0,-1,2,1,C5,0,5,192,352,
245,352,-2.4,0.0,-1,2,1,C5,0,5,192,352,
242,352,-2.5,0.0,-1,2,1,C5,0,5,192,352,
239,352,-2.6,0.0,-1,2,1,C5,0,5,192,352,
236,352,-2.8,0.0,-1,2,1,C5,0,5,192,352,
233,352,-2.9,0.0,-1,2,1,C5,0,5,192,352,
230,352,-3.0,0.0,-1,2,1,C5,0,5,192,352,
226,352,-3.1,0.0,-1,2,1,C5,0,5,192,352,
222,352,-3.2,0.0,-1,2,1,C5,0,5,192,352,
218,352,-3.4,0.0,-1,2,1,C5,0,5,192,352,
214,352,-3.5,0.0,-1,2,1,C5,0,5,192,352,
210,352,-3.6,0.0,-1,2,1,C5,0,5,192,352,
206,352,-3.8,0.0,-1,2,1,C5,0,5,192,352,
202,352,-3.9,0.0,-1,2,1,C5,0,7,190,352,
198,352,-4.0,0.0,-1,2,1,C5,0,7,186,352,
194,352,-3.6,0.0,-1,2,1,C5,0,7,182,352,
190,352,-3.8,0.0,-1,2,1,C5,0,7,178,352,
186,352,-3.4,0.0,-1,2,1,C5,0,7,174,352,
183,352,-3.0,0.0,-1,2,1,C5,0,7,170,352,
180,352,-2.6,0.0,-1,2,1,C5,0,7,167,352,
177,352,-2.2,0.0,-1,2,1,C5,0,7,164,352,
175,344,-1.9,-8.0,-1,2,1,C5,0,7,161,352,
177,336,1.5,-7.6,1,2,1,C5,0,7,160,344,
178,328,1.9,-7.1,1,2,1,C5,0,7,193,336,
180,321,2.2,-6.7,1,2,1,C5,0,7,194,328,
182,314,2.4,-6.2,1,2,1,C5,0,7,196,321,
184,308,2.5,-5.8,1,2,1,C5,0,7,198,314,
186,302,2.6,-5.4,1,2,1,C5,0,7,200,308,
188,297,2.8,-4.6,1,2,1,C5,0,7,202,302,
190,293,2.9,-3.8,1,2,1,C5,0,7,204,297,
193,289,3.2,-3.7,1,2,1,C5,0,7,206,293,
196,285,3.6,-3.2,1,2,1,C5,0,7,209,289,
200,282,4.0,-2.7,1,2,1,C5,0,7,212,285,
204,279,4.0,-2.2,1,2,1,C5,0,7,216,282,
208,277,4.0,-1.7,1,2,1,C5,0,7,220,279,
212,275,4.0,-1.2,1,2,1,C5,0,7,224,277,
216,274,4.0,-0.7,1,2,1,C5,0,7,228,275,
220,273,4.0,-0.2,1,2,1,C5,0,7,232,274,
224,273,4.0,0.3,1,2,1,C5,0,7,236,273,
228,273,4.0,0.8,1,2,1,C5,0,7,240,273,
232,274,4.0,1.3,1,2,1,C5,0,7,244,273,
236,275,4.0,1.8,1,2,1,C5,0,7,248,274,
240,271,4.0,-4.0,1,2,1,C5,0,7,252,275,
244,267,4.0,-3.5,1,2,1,C5,0,7,256,271,
248,263,4.0,-4.0,1,2,1,C5,0,7,260,267,
252,259,4.0,-3.5,1,2,1,C5,0,7,264,263,
256,256,4.0,-3.0,1,2,1,C5,0,7,268,259,
260,253,4.0,-2.5,1,2,1,C5,0,7,272,256,
264,251,4.0,-2.0,1,2,1,C5,0,7,276,253,
268,249,4.0,-1.5,1,2,1,C5,0,7,280,251,
272,248,4.0,-1.0,1,2,1,C5,0,7,284,249,
276,247,4.0,-0.5,1,2,1,C5,0,7,288,248,
280,247,4.0,0.0,1,2,1,C5,0,7,292,247,
284,247,4.0,0.5,1,2,1,C5,0,7,296,247,
288,248,4.0,1.0,1,2,1,C5,0,7,300,247,
292,249,4.0,1.5,1,2,1,C5,0,7,304,248,
296,251,4.0,2.0,1,2,1,C5,0,7,308,249,
300,253,4.0,2.5,1,2,1,C5,0,7,312,251,
304,256,4.0,3.0,1,2,1,C5,0,7,316,253,
308,259,4.0,3.5,1,2,1,C5,0,7,320,256,
312,263,4.0,4.0,1,2,1,C5,0,7,324,259,
316,267,4.0,4.5,1,2,1,C5,0,7,328,263,
320,272,4.0,5.0,1,2,1,C5,0,7,332,267,
324,272,4.0,0.0,1,2,1,C5,0,7,336,272,
328,272,4.0,0.0,1,2,1,C5,0,7,340,272,
332,272,4.0,0.0,1,2,1,C5,0,7,344,272,
336,272,4.0,0.0,1,2,1,C5,0,7,348,272,
340,272,4.0,0.0,1,2,1,C5,0,7,352,272,
344,272,4.0,0.0,1,2,1,C5,0,7,356,272,
348,272,4.0,0.0,1,2,1,C5,0,7,360,272,
351,272,3.9,0.0,1,2,1,C5,0,7,364,272,
354,272,3.8,0.0,1,2,1,C5,0,7,367,272,
357,272,3.6,0.0,1,2,1,C5,0,7,370,272,
360,272,3.5,0.0,1,2,1,C5,0,7,373,272,
363,272,3.4,0.0,1,2,1,C5,0,7,376,272,
366,272,3.2,0.0,1,2,1,C5,0,7,379,272,
369,272,3.1,0.0,1,2,1,C5,0,7,382,272,
372,272,3.0,0.0,1,2,1,C5,0,7,385,272,
374,272,2.9,0.0,1,2,1,C5,0,7,388,272,
376,272,2.8,0.0,1,2,1,C5,0,7,390,272,
378,272,2.6,0.0,1,2,1,C5,0,7,392,272,
380,272,2.5,0.0,1,2,1,C5,0,7,394,272,
382,272,2.4,0.0,1,2,1,C5,0,7,396,272,
384,272,2.2,0.0,1,2,1,C5,0,7,398,272,
386,272,2.1,0.0,1,2,1,C5,0,7,400,272,
388,272,2.0,0.0,1,2,1,C5,0,7,402,272,
389,272,1.9,0.0,1,2,1,C5,0,7,404,272,
390,272,1.8,0.0,1,2,1,C5,0,7,405,272,
391,272,1.6,0.0,1,2,1,C5,0,7,406,272,
392,272,1.5,0.0,1,2,1,C5,0,7,407,272,
393,272,1.4,0.0,1,2,1,C5,0,7,408,272,
394,272,1.2,0.0,1,2,1,C5,0,7,409,272,
395,272,1.1,0.0,1,2,1,C5,0,7,410,272,
396,272,1.0,0.0,1,2,1,C5,0,7,411,272,
398,272,2.4,0.0,1,2,1,C5,0,7,412,272,
400,272,2.8,0.0,1,2,1,C5,0,7,414,272,
403,272,3.1,0.0,1,2,1,C5,0,7,416,272,
406,272,3.5,0.0,1,2,1,C5,0,7,419,272,
409,272,3.9,0.0,1,2,1,C5,0,7,422,272,
413,272,4.0,0.0,1,2,1,C5,0,7,425,272,
417,272,4.0,0.0,1,2,1,C5,0,7,429,272,
420,272,3.9,0.5,1,2,1,C5,0,7,433,272,
423,273,3.8,1.0,1,2,1,C5,0,7,436,272,
426,274,3.6,1.5,1,2,1,C5,0,7,439,273,
429,276,3.5,2.0,1,2,1,C5,0,7,442,274,
432,278,3.4,2.5,1,2,1,C5,0,7,445,276,
434,281,2.8,3.0,-1,2,1,C5,0,7,448,278,
436,284,2.1,3.5,-1,2,1,C5,0,7,418,281,
437,288,1.5,4.0,-1,2,1,C5,0,7,420,284,
437,292,0.9,4.5,-1,2,1,C5,0,7,421,288,
437,297,0.2,5.0,-1,2,1,C5,0,7,421,292,
436,302,-0.4,5.5,-1,2,1,C5,0,7,421,297,
435,308,-0.8,6.0,-1,2,1,C5,0,7,420,302,
433,314,-1.1,6.5,-1,2,1,C5,0,7,419,308,
431,321,-1.5,7.0,-1,2,1,C5,0,7,417,314,
429,328,-1.9,7.5,-1,2,1,C5,0,7,415,321,
427,336,-1.8,8.0,-1,2,1,C5,0,7,413,328,
425,344,-1.6,8.0,-1,2,1,C5,0,7,411,336,
424,352,-1.0,8.0,1,2,1,C5,0,7,409,344,
423,360,-0.4,8.0,1,2,1,C5,0,7,440,352,
423,368,0.2,8.0,1,2,1,C5,0,7,439,360,
424,376,1.6,8.0,1,2,1,C5,0,7,439,368,
425,384,1.5,8.0,1,2,1,C5,0,7,440,376,
426,384,1.4,0.0,1,2,1,C5,0,7,441,384,
427,384,1.2,0.0,1,2,0,C5,0,6,446,384,
428,384,1.1,0.0,1,2,0,C5,0,6,454,384,
429,384,1.0,0.0,1,2,0,C5,0,6,462,384,
429,384,0.9,0.0,1,2,0,C5,0,6,470,384,
429,384,0.8,0.0,1,2,0,C5,0,6,478,384,
429,384,0.6,0.0,1,2,0,C5,0,6,486,384,
429,384,0.5,0.0,1,2,0,C5,0,6,494,384,
429,384,0.4,0.0,1,2,0,C5,0,6,502,384,
429,384,0.2,0.0,1,2,0,C5,0,6,510,384,
429,384,0.1,0.0,1,2,0,C5,0,6,518,384,
429,384,0.0,0.0,1,2,0,C5,0,6,526,384,
429,384,0.0,0.0,1,2,0,C5,0,6,534,384,
429,384,0.0,0.0,1,2,0,C5,0,6,542,384,
429,384,0.0,0.0,1,2,0,C5,0,6,544,384,
429,384,0.0,0.0,1,2,0,C5,0,6,536,384,
429,384,0.0,0.0,1,2,0,C5,0,6,528,384,
429,384,0.0,0.0,1,2,0,C5,0,6,520,384,
429,384,0.0,0.0,1,2,0,C5,0,6,512,384,
429,384,0.0,0.0,1,2,0,C5,0,6,504,384,
429,384,0.0,0.0,1,2,0,C5,0,6,496,384,
429,376,0.0,-8.0,1,2,0,C5,0,6,488,384,
429,368,0.0,-7.5,1,2,0,C5,0,6,480,384,
429,361,0.0,-7.0,1,2,0,C5,0,6,472,384,
429,354,0.0,-6.5,1,2,0,C5,0,6,464,384,
429,348,0.0,-6.0,1,2,0,C5,0,6,456,384,
428,342,-0.5,-5.5,-1,2,0,C5,0,6,448,384,
427,337,-0.9,-5.0,-1,2,0,C5,0,6,440,384,
425,332,-1.2,-4.5,-1,2,0,C5,0,6,432,384,
423,328,-1.6,-4.0,-1,2,0,C5,0,6,424,384,
421,324,-2.0,-3.5,-1,2,0,C5,0,6,416,384,
418,321,-2.4,-3.0,-1,2,0,C5,0,6,408,384,
415,318,-2.8,-2.5,-1,2,0,C5,0,6,400,384,
411,316,-3.1,-2.0,-1,2,0,C5,0,6,400,384,
407,314,-3.5,-1.5,-1,2,0,C5,0,6,408,384,
403,313,-3.9,-1.0,-1,2,0,C5,0,6,416,384,
399,312,-4.0,-0.5,-1,2,0,C5,0,6,424,384,
395,312,-4.0,0.0,-1,2,0,C5,0,6,432,384,
391,312,-4.0,0.5,-1,2,0,C5,0,6,440,384,
387,313,-4.0,1.0,-1,2,0,C5,0,6,448,384,
383,314,-4.0,1.5,-1,2,0,C5,0,6,456,384,
379,316,-4.0,2.0,-1,2,0,C5,0,6,464,384,
375,318,-3.9,2.5,-1,2,0,C5,0,6,472,384,
371,321,-3.8,3.0,-1,2,0,C5,0,6,480,384,
367,324,-3.6,3.5,-1,2,0,C5,0,6,488,384,
363,328,-3.5,4.0,-1,2,0,C5,0,6,496,384,
359,332,-3.4,4.5,-1,2,0,C5,0,6,504,384,
355,337,-3.2,5.0,-1,2,0,C5,0,6,512,384,
351,342,-3.1,5.5,-1,2,0,C5,0,6,520,384,
348,348,-3.0,6.0,-1,2,0,C5,0,6,528,384,
345,354,-2.9,6.5,-1,2,0,C5,0,6,536,384,
342,361,-2.8,7.0,-1,2,0,C5,0,6,544,384,
339,367,-2.4,6.8,-1,2,0,C5,0,6,552,384,
337,373,-2.0,6.1,-1,2,0,C5,0,6,560,384,
335,378,-1.9,5.4,-1,2,0,C5,0,6,568,384,
333,383,-1.8,5.4,-1,2,0,C5,0,6,576,384,
331,388,-1.6,5.9,-1,2,0,C5,0,6,584,384,
329,384,-1.5,0.0,-1,2,0,C5,0,6,592,384,
327,384,-1.4,0.0,-1,2,0,C5,0,6,600,384,
325,376,-1.2,-8.0,-1,2,0,C5,0,6,608,384,
323,368,-1.1,-7.5,-1,2,0,C5,0,6,616,384,
322,361,-1.0,-6.6,-1,2,0,C5,0,6,624,384,
321,354,-0.9,-6.2,-1,2,0,
320,348,-0.8,-5.8,-1,2,0,
319,343,-0.6,-4.9,-1,2,0,
318,338,-0.5,-4.9,-1,2,0,
317,333,-0.4,-4.4,-1,2,0,
316,329,-0.2,-3.9,-1,2,0,
315,325,-0.1,-3.4,-1,2,0,
315,322,0.0,-2.9,-1,2,0,
315,319,0.0,-2.4,-1,2,0,
315,317,0.0,-1.9,-1,2,0,
315,315,0.0,-1.4,-1,2,0,
315,314,0.0,-0.9,-1,2,0,
315,313,0.0,-0.4,-1,2,0,
315,313,0.0,0.1,-1,2,0,
315,313,0.0,0.6,-1,2,0,
315,314,0.0,1.1,-1,2,0,
315,315,0.0,1.6,-1,2,0,
315,317,0.0,2.1,-1,2,0,
315,319,0.0,2.6,-1,2,0,
315,322,0.0,3.1,-1,2,0,
315,320,0.0,0.0,-1,2,0,
315,320,0.0,0.0,-1,2,0,
315,320,0.0,0.0,-1,2,0,
315,320,0.0,0.0,-1,2,0,
315,312,0.0,-8.0,-1,2,0,
316,304,1.5,-7.5,1,2,0,
317,297,1.9,-7.0,1,2,0,
319,290,2.2,-6.5,1,2,0,
321,284,2.6,-6.0,1,2,0,
324,278,3.0,-5.5,1,2,0,
327,273,3.4,-5.0,1,2,0,
330,268,3.8,-4.5,1,2,0,
333,264,3.6,-4.0,1,2,0,
336,260,3.5,-3.5,1,2,0,
339,257,3.4,-3.0,1,2,0,
342,254,3.2,-2.5,1,2,0,
345,252,3.1,-2.0,1,2,0,
348,250,3.0,-1.5,1,2,0,
350,249,2.9,-1.0,1,2,0,
352,248,2.8,-0.5,1,2,0,
354,248,2.6,0.0,1,2,0,
357,248,3.0,0.5,1,2,0,
360,249,3.4,1.0,1,2,0,
363,250,3.8,1.5,1,2,0,
367,252,4.0,2.0,1,2,0,
371,254,4.0,2.5,1,2,0,
375,257,4.0,3.0,1,2,0,
379,260,4.0,3.5,1,2,0,
383,264,4.0,4.0,1,2,0,
387,268,4.0,4.5,1,2,0,
391,273,4.0,5.0,1,2,0,
395,272,4.0,0.0,1,2,0,
399,272,4.0,0.0,1,2,0,
403,272,4.0,0.0,1,2,0,
407,264,4.0,-8.0,1,2,0,
411,256,4.0,-7.5,1,2,0,
415,249,4.0,-7.0,1,2,0,
419,242,4.0,-6.5,1,2,0,
423,236,4.0,-6.0,1,2,0,
427,230,4.0,-5.5,1,2,0,
431,225,4.0,-5.0,1,2,0,
435,220,4.0,-4.5,1,2,0,
439,224,4.0,4.0,1,2,0,
443,228,4.0,4.5,1,2,0,
447,233,4.0,5.0,1,2,0,
451,238,4.0,5.5,1,2,0,
455,244,4.0,6.0,1,2,0,
459,250,4.0,6.5,1,2,0,
463,246,4.0,-4.0,1,2,0,
467,242,4.0,-4.0,1,2,0,
471,238,4.0,-3.5,1,2,0,
475,235,4.0,-3.0,1,2,0,
479,232,4.0,-2.5,1,2,0,
483,228,4.0,-4.0,1,2,0,
487,224,4.0,-3.5,1,2,0,
491,220,4.0,-4.0,1,2,0,
495,224,4.0,4.5,1,2,0,
499,229,4.0,5.0,1,2,0,
503,234,4.0,5.5,1,2,0,
507,230,4.0,-4.0,1,2,0,
511,226,4.0,-3.5,1,2,0,
515,223,4.0,-3.0,1,2,0,
519,228,4.0,5.5,1,2,0,
523,224,4.0,-4.0,1,2,0,
527,220,4.0,-3.5,1,2,0,
531,217,4.0,-3.0,1,2,0,
535,222,4.0,5.5,1,2,0,
538,218,3.9,-4.0,1,2,0,
541,214,3.8,-3.5,1,2,0,
544,211,3.1,-3.0,-1,2,0,
546,208,2.5,-2.5,-1,2,0,
547,204,1.9,-4.0,-1,2,0,
548,200,1.2,-3.5,-1,2,0,
548,197,0.6,-3.0,-1,2,0,
548,194,0.0,-2.5,-1,2,0,
547,192,-0.5,-2.0,-1,2,0,
546,190,-0.9,-1.5,-1,2,0,
544,189,-1.2,-1.0,-1,2,0,
542,188,-1.6,-0.5,-1,2,0,
540,188,-2.0,0.0,-1,2,0,
537,188,-2.4,0.5,-1,2,0,
534,189,-2.8,1.0,-1,2,0,
530,190,-3.1,1.5,-1,2,0,
526,192,-3.5,2.0,-1,2,0,
522,194,-3.9,2.5,-1,2,0,
518,197,-4.0,3.0,-1,2,0,
514,200,-4.0,3.5,-1,2,0,
510,204,-4.0,4.0,-1,2,0,
506,208,-4.0,4.5,-1,2,0,
502,213,-4.0,5.0,-1,2,0,
498,218,-4.0,5.5,-1,2,0,
494,224,-4.0,6.0,-1,2,0,
490,230,-4.0,6.5,-1,2,0,
486,237,-4.0,7.0,-1,2,0,
482,244,-4.0,7.5,-1,2,0,
478,252,-4.0,8.0,-1,2,0,
474,260,-4.0,8.0,-1,2,0,
470,256,-4.0,-4.0,-1,2,0,
466,252,-4.0,-3.5,-1,2,0,
462,249,-4.0,-3.0,-1,2,0,
458,246,-4.0,-2.5,-1,2,0,
454,242,-4.0,-4.0,-1,2,0,
450,238,-4.0,-3.5,-1,2,0,
446,235,-4.0,-3.0,-1,2,0,
442,232,-4.0,-2.5,-1,2,0,
438,228,-4.0,-4.0,-1,2,0,
434,224,-4.0,-3.5,-1,2,0,
430,221,-4.0,-3.0,-1,2,0,
426,226,-4.0,5.5,-1,2,0,
422,222,-4.0,-4.0,-1,2,0,
418,218,-4.0,-3.5,-1,2,0,
414,215,-4.0,-3.0,-1,2,0,
410,212,-3.9,-2.5,-1,2,0,
406,210,-3.8,-2.0,-1,2,0,
402,208,-3.6,-1.5,-1,2,0,
398,207,-3.5,-1.0,-1,2,0,
394,206,-3.4,-0.5,-1,2,0,
390,206,-3.2,0.0,-1,2,0,
386,206,-3.1,0.5,-1,2,0,
383,207,-3.0,1.0,-1,2,0,
380,208,-2.4,1.5,1,2,0,
378,210,-1.8,2.0,1,2,0,
376,212,-1.1,2.5,1,2,0,
375,215,-0.5,3.0,1,2,0,
375,218,0.1,3.5,1,2,0,
376,222,1.5,4.0,1,2,0,
377,226,1.9,4.5,1,2,0,
379,231,2.2,5.0,1,2,0,
381,236,2.1,5.5,1,2,0,
383,242,2.0,6.0,1,2,0,
384,248,1.9,6.5,1,2,0,
385,255,1.8,7.0,1,2,0,
386,262,1.6,7.5,1,2,0,
388,270,2.0,8.0,1,2,0,
390,278,2.4,8.0,1,2,0,
392,272,2.8,0.0,1,2,0,
395,272,3.1,0.0,1,2,0,
398,272,3.5,0.0,1,2,0,
401,272,3.9,0.0,1,2,0,
405,272,4.0,0.0,1,2,0,
409,264,4.0,-8.0,1,2,0,
413,256,4.0,-7.5,1,2,0,
417,249,4.0,-7.0,1,2,0,
421,242,4.0,-6.5,1,2,0,
425,236,4.0,-6.0,1,2,0,
429,230,4.0,-5.5,1,2,0,
433,225,4.0,-5.0,1,2,0,
437,220,4.0,-4.5,1,2,0,
441,216,4.0,-4.0,1,2,0,
445,212,4.0,-3.5,1,2,0,
449,209,4.0,-3.0,1,2,0,
452,214,3.9,5.5,1,2,0,
455,220,3.8,6.0,1,2,0,
458,226,3.6,6.5,1,2,0,
461,233,3.5,7.0,1,2,0,
464,240,3.4,7.5,1,2,0,
467,248,3.2,8.0,1,2,0,
470,256,3.1,8.0,1,2,0,
473,264,3.0,8.0,1,2,0,
475,272,2.9,8.0,1,2,0,
477,280,2.8,8.0,1,2,0,
479,288,2.6,8.0,1,2,0,
481,296,2.5,8.0,1,2,0,
483,304,2.4,8.0,1,2,0,
485,312,2.2,8.0,1,2,0,
487,320,2.1,8.0,1,2,0,
489,328,2.0,8.0,1,2,0,
490,336,1.9,8.0,1,2,0,
491,344,1.8,8.0,1,2,0,
492,352,1.6,8.0,1,2,0,
493,360,1.5,8.0,1,2,0,
494,368,1.4,8.0,1,2,0,
495,376,1.2,8.0,1,2,0,
496,384,1.1,8.0,1,2,0,
497,384,1.0,0.0,1,2,0,
497,384,0.9,0.0,1,2,0,
499,384,2.2,0.0,1,2,0,
501,384,2.6,0.0,1,2,0,
504,376,3.0,-8.0,1,2,0,
507,368,3.4,-7.5,1,2,0,
510,361,3.8,-7.0,1,2,0,
514,354,4.0,-6.5,1,2,0,
518,348,4.0,-6.0,1,2,0,
522,342,4.0,-5.5,1,2,0,
526,337,4.0,-5.0,1,2,0,
530,332,4.0,-4.5,1,2,0,
534,328,4.0,-4.0,1,2,0,
538,324,4.0,-3.5,1,2,0,
542,321,4.0,-3.0,1,2,0,
546,318,4.0,-2.5,1,2,0,
549,316,3.9,-2.0,1,2,0,
552,314,3.8,-1.5,1,2,0,
555,313,3.6,-1.0,1,2,0,
558,312,3.5,-0.5,1,2,0,
561,312,3.4,0.0,1,2,0,
564,312,3.2,0.5,1,2,0,
567,313,3.1,1.0,1,2,0,
570,314,3.0,1.5,1,2,0,
572,316,2.9,2.0,1,2,0,
574,318,2.8,2.5,1,2,0,
576,314,2.6,-4.0,1,2,0,
578,310,2.5,-4.0,1,2,0,
579,306,1.9,-3.5,-1,2,0,
580,303,1.2,-3.0,-1,2,0,
580,300,0.6,-2.5,-1,2,0,
580,298,0.0,-2.0,-1,2,0,
579,296,-0.5,-1.5,-1,2,0,
578,295,-0.9,-1.0,-1,2,0,
576,294,-1.2,-0.5,-1,2,0,
574,294,-1.6,0.0,-1,2,0,
572,294,-2.0,0.5,-1,2,0,
569,295,-2.4,1.0,-1,2,0,
566,296,-2.8,1.5,-1,2,0,
562,298,-3.1,2.0,-1,2,0,
559,300,-3.0,2.5,-1,2,0,
556,303,-2.9,3.0,-1,2,0,
553,306,-2.8,3.5,-1,2,0,
550,310,-2.6,4.0,-1,2,0,
547,314,-2.5,4.5,-1,2,0,
544,319,-2.4,5.0,-1,2,0,
541,324,-2.2,5.5,-1,2,0,
538,330,-2.1,6.0,-1,2,0,
536,336,-1.5,6.5,1,2,0,
535,343,-0.9,7.0,1,2,0,
534,350,-0.2,7.5,1,2,0,
534,358,0.4,8.0,1,2,0,
535,352,1.8,-6.0,1,2,0,
537,346,2.1,-6.0,1,2,0,
539,340,2.5,-5.5,1,2,0,
541,335,2.9,-5.0,1,2,0,
544,330,3.2,-4.5,1,2,0,
547,326,3.6,-4.0,1,2,0,
551,322,4.0,-3.5,1,2,0,
555,319,4.0,-3.0,1,2,0,
559,316,4.0,-2.5,1,2,0,
563,314,4.0,-2.0,1,2,0,
566,312,3.9,-1.5,1,2,0,
569,311,3.8,-1.0,1,2,0,
572,310,3.6,-0.5,1,2,0,
575,310,3.5,0.0,1,2,0,
577,310,2.9,0.5,-1,2,0,
579,311,2.2,1.0,-1,2,0,
580,312,1.6,1.5,-1,2,0,
581,314,1.0,2.0,-1,2,0,
581,316,0.4,2.5,-1,2,0,
580,319,-0.2,3.0,-1,2,0,
579,322,-0.6,3.5,-1,2,0,
578,326,-1.0,4.0,-1,2,0,
576,330,-1.4,4.5,-1,2,0,
574,335,-1.8,5.0,-1,2,0,
571,340,-2.1,5.5,-1,2,0,
568,346,-2.5,6.0,-1,2,0,
565,352,-2.9,6.5,-1,2,0,
561,359,-3.2,7.0,-1,2,0,
557,366,-3.6,7.5,-1,2,0,
553,360,-4.0,-6.0,-1,2,0,
549,354,-3.9,-6.0,-1,2,0,
545,348,-3.8,-6.0,-1,2,0,
541,342,-3.6,-5.5,-1,2,0,
537,337,-3.5,-5.0,-1,2,0,
534,332,-2.9,-4.5,1,2,0,
531,328,-2.2,-4.0,1,2,0,
529,324,-1.6,-3.5,1,2,0,
528,321,-1.0,-3.0,1,2,0,
527,318,-0.4,-2.5,1,2,0,
527,316,0.2,-2.0,1,2,0,
528,314,1.6,-1.5,1,2,0,
529,313,1.5,-1.0,1,2,0,
530,312,1.4,-0.5,1,2,0,
531,312,1.2,0.0,1,2,0,
532,312,1.1,0.5,1,2,0,
533,313,1.0,1.0,1,2,0,
533,314,0.9,1.5,1,2,0,
533,316,0.8,2.0,1,2,0,
533,318,0.6,2.5,1,2,0,
535,321,2.0,3.0,1,2,0,
537,324,2.4,3.5,1,2,0,
539,328,2.2,4.0,1,2,0,
541,332,2.1,4.5,1,2,0,
543,337,2.0,5.0,1,2,0,
544,342,1.9,5.5,1,2,0,
545,348,1.8,6.0,1,2,0,
546,354,1.6,6.5,1,2,0,
548,348,2.0,-6.0,1,2,0,
550,342,2.4,-5.5,1,2,0,
552,337,2.8,-5.0,1,2,0,
555,332,3.1,-4.5,1,2,0,
558,328,3.5,-4.0,1,2,0,
561,324,3.9,-3.5,1,2,0,
565,321,4.0,-3.0,1,2,0,
569,318,4.0,-2.5,1,2,0,
573,316,4.0,-2.0,1,2,0,
576,314,3.9,-1.5,1,2,0,
579,313,3.2,-1.0,-1,2,0,
581,312,2.6,-0.5,-1,2,0,
583,312,2.0,0.0,-1,2,0,
584,312,1.4,0.5,-1,2,0,
584,313,0.8,1.0,-1,2,0,
584,309,0.1,-4.0,-1,2,0,
583,305,-0.5,-4.0,-1,2,0,
582,301,-0.9,-3.5,-1,2,0,
581,298,-0.8,-3.0,-1,2,0,
580,295,-0.6,-2.5,-1,2,0,
579,293,-0.5,-2.0,-1,2,0,
578,289,-0.4,-4.0,-1,2,0,
577,285,-0.2,-3.5,-1,2,0,
576,282,-0.1,-3.0,-1,2,0,
576,278,0.0,-4.0,-1,2,0,
576,274,0.0,-3.5,-1,2,0,
576,271,0.0,-3.0,-1,2,0,
576,268,0.0,-2.5,-1,2,0,
576,264,0.0,-4.0,-1,2,0,
576,260,0.0,-3.5,-1,2,0,
576,257,0.0,-3.0,-1,2,0,
576,254,0.0,-2.5,-1,2,0,
575,252,-0.5,-2.0,-1,2,0,
574,250,-0.9,-1.5,-1,2,0,
572,249,-1.2,-1.0,-1,2,0,
570,248,-1.6,-0.5,-1,2,0,
568,248,-2.0,0.0,-1,2,0,
565,248,-2.4,0.5,-1,2,0,
562,249,-2.8,1.0,-1,2,0,
558,250,-3.1,1.5,-1,2,0,
554,252,-3.5,2.0,-1,2,0,
550,254,-3.9,2.5,-1,2,0,
546,257,-4.0,3.0,-1,2,0,
542,260,-4.0,3.5,-1,2,0,
538,264,-4.0,4.0,-1,2,0,
534,268,-4.0,4.5,-1,2,0,
530,273,-4.0,5.0,-1,2,0,
526,278,-4.0,5.5,-1,2,0,
522,284,-4.0,6.0,-1,2,0,
518,290,-4.0,6.5,-1,2,0,
514,297,-4.0,7.0,-1,2,0,
510,304,-4.0,7.5,-1,2,0,
506,312,-4.0,8.0,-1,2,0,
502,320,-4.0,8.0,-1,2,0,
498,328,-4.0,8.0,-1,2,0,
494,336,-4.0,8.0,-1,2,0,
490,344,-4.0,8.0,-1,2,0,
486,352,-4.0,8.0,-1,2,0,
482,360,-4.0,8.0,-1,2,0,
478,368,-4.0,8.0,-1,2,0,
474,376,-4.0,8.0,-1,2,0,
470,384,-4.0,8.0,-1,2,0,
466,384,-4.0,0.0,-1,2,0,
462,384,-4.0,0.0,-1,2,0,
458,384,-4.0,0.0,-1,2,0,
454,384,-4.0,0.0,-1,2,0,
450,376,-4.0,-8.0,-1,2,0,
446,368,-4.0,-7.5,-1,2,0,
442,361,-4.0,-7.0,-1,2,0,
438,354,-4.0,-6.5,-1,2,0,
434,348,-4.0,-6.0,-1,2,0,
430,342,-4.0,-5.5,-1,2,0,
426,337,-4.0,-5.0,-1,2,0,
422,332,-4.0,-4.5,-1,2,0,
418,328,-4.0,-4.0,-1,2,0,
414,324,-4.0,-3.5,-1,2,0,
410,321,-4.0,-3.0,-1,2,0,
406,317,-4.0,-4.0,-1,2,0,
402,313,-4.0,-3.5,-1,2,0,
398,310,-4.0,-3.0,-1,2,0,
394,307,-3.6,-2.2,-1,2,0,
390,305,-3.8,-1.9,-1,2,0,
386,303,-3.9,-1.9,-1,2,0,
382,301,-4.0,-1.8,-1,2,0,
378,299,-3.6,-1.8,-1,2,0,
374,297,-3.8,-1.7,-1,2,0,
370,295,-3.9,-1.6,-1,2,0,
366,293,-4.0,-1.6,-1,2,0,
362,291,-4.0,-1.1,-1,2,0,
358,290,-4.0,-0.6,-1,2,0,
354,289,-4.0,-0.1,-1,2,0,
350,289,-4.0,0.4,-1,2,0,
346,289,-4.0,0.9,-1,2,0,
342,290,-4.0,1.4,-1,2,0,
338,291,-4.0,1.9,-1,2,0,
334,293,-4.0,2.4,-1,2,0,
330,295,-4.0,2.9,-1,2,0,
326,298,-4.0,3.4,-1,2,0,
322,301,-4.0,3.9,-1,2,0,
318,305,-4.0,4.4,-1,2,0,
314,309,-4.0,4.9,-1,2,0,
310,314,-4.0,5.4,-1,2,0,
306,319,-4.0,5.9,-1,2,0,
302,325,-4.0,6.4,-1,2,0,
298,331,-4.0,6.9,-1,2,0,
294,338,-4.0,7.4,-1,2,0,
290,345,-4.0,7.9,-1,2,0,
286,353,-4.0,8.0,-1,2,0,
288,361,0.0,8.0,-1,2,0,
288,369,0.0,8.0,-1,2,0,
288,377,0.0,8.0,-1,2,0,
288,385,0.0,8.0,-1,2,0,
288,384,0.0,0.0,-1,2,0,
288,384,0.0,0.0,-1,2,0,
288,384,0.0,0.0,-1,2,0,
288,384,0.0,0.0,-1,2,0,
288,384,0.0,0.0,-1,2,0,
288,384,0.0,0.0,-1,2,0,
288,384,0.0,0.0,-1,2,0,
287,384,-0.5,0.0,-1,2,0,
286,384,-0.9,0.0,-1,2,0,
284,384,-1.2,0.0,-1,2,0,
282,384,-1.6,0.0,-1,2,0,
280,384,-2.0,0.0,-1,2,0,
277,384,-2.4,0.0,-1,2,0,
274,384,-2.8,0.0,-1,2,0,
270,384,-3.1,0.0,-1,2,0,
266,384,-3.5,0.0,-1,2,0,
262,384,-3.9,0.0,-1,2,0,
258,383,-4.0,-1.0,-1,2,0,
254,385,-4.0,1.0,-1,2,0,
250,384,-4.0,0.0,-1,2,0,
246,384,-4.0,0.0,-1,2,0,
242,384,-4.0,0.0,-1,2,0,
238,384,-4.0,0.0,-1,2,0,
234,384,-4.0,0.0,-1,2,0,
230,384,-4.0,0.0,-1,2,0,
226,384,-4.0,0.0,-1,2,0,
222,383,-4.0,-1.0,-1,2,0,
218,385,-4.0,1.0,-1,2,0,
214,384,-4.0,0.0,-1,2,0,
210,384,-4.0,0.0,-1,2,0,
206,384,-4.0,0.0,-1,2,0,
202,384,-4.0,0.0,-1,2,0,
198,384,-4.0,0.0,-1,2,0,
194,384,-4.0,0.0,-1,2,0,
190,384,-4.0,0.0,-1,2,0,
186,384,-4.0,0.0,-1,2,0,
182,384,-4.0,0.0,-1,2,0,
178,384,-3.9,0.0,-1,2,0,
174,384,-3.8,0.0,-1,2,0,
170,384,-3.6,0.0,-1,2,0,
166,384,-3.5,0.0,-1,2,0,
162,384,-3.4,0.0,-1,2,0,
158,384,-3.2,0.0,-1,2,0,
154,384,-3.1,0.0,-1,2,0,
151,384,-3.0,0.0,-1,2,0,
148,384,-2.9,0.0,-1,2,0,
145,384,-2.8,0.0,-1,2,0,
142,384,-2.6,0.0,-1,2,0,
139,384,-2.5,0.0,-1,2,0,
136,384,-2.4,0.0,-1,2,0,
133,384,-2.2,0.0,-1,1,0,
130,384,-2.1,0.0,-1,1,0,
128,384,-2.0,0.0,-1,1,0,
126,384,-1.9,0.0,-1,1,0,
124,384,-1.8,0.0,-1,1,0,
122,384,-1.6,0.0,-1,1,0,
120,384,-1.5,0.0,-1,1,0,
118,384,-1.4,0.0,-1,1,0,
116,384,-1.2,0.0,-1,1,0,
114,384,-1.6,0.0,-1,1,0,
112,384,-2.0,0.0,-1,1,0,
109,384,-2.4,0.0,-1,1,0,
106,384,-2.8,0.0,-1,1,0,
102,384,-3.1,0.0,-1,1,0,
98,384,-3.5,0.0,-1,1,0,
94,384,-3.9,0.0,-1,1,0,
90,384,-4.0,0.0,-1,1,0,
86,384,-4.0,0.0,-1,1,0,
82,384,-4.0,0.0,-1,1,0,
78,384,-4.0,0.0,-1,1,0,
74,384,-4.0,0.0,-1,1,0,
70,384,-3.9,0.0,-1,1,0,
66,384,-3.8,0.0,-1,1,0,
62,384,-3.6,0.0,-1,1,0,
58,384,-3.5,0.0,-1,1,0,
54,384,-3.4,0.0,-1,1,0,
50,384,-3.2,0.0,-1,1,0,
46,384,-3.1,0.0,-1,1,0,
43,384,-3.0,0.0,-1,1,0,
40,384,-2.4,0.0,1,1,0,
38,384,-1.8,0.0,1,1,0,
36,384,-1.1,0.0,1,1,0,
35,384,-0.5,0.0,1,1,0,
34,384,-0.4,0.0,1,1,0,
33,384,-0.2,0.0,1,1,0,
32,384,-0.1,0.0,1,1,0,
32,384,0.0,0.0,1,1,0,
32,384,0.0,0.0,1,1,0,
32,384,0.0,0.0,1,1,0,
32,384,0.0,0.0,1,1,0,
32,384,0.0,0.0,1,1,0,
32,384,0.0,0.0,1,1,0,
32,384,0.0,0.0,1,1,0,
32,384,0.0,0.0,1,1,0,
32,384,0.0,0.0,1,1,0,
32,384,0.0,0.0,1,1,0,
32,384,0.0,0.0,1,1,0,
32,384,0.0,0.0,1,1,0,
32,384,0.0,0.0,1,1,0,
33,384,1.5,0.0,1,1,0,
34,384,1.4,0.0,1,1,0,
35,384,1.2,0.0,1,1,0,
36,384,1.1,0.0,1,1,0,
37,384,1.0,0.0,1,1,0,
37,384,0.9,0.0,1,1,0,
37,384,0.8,0.0,1,1,0,
37,384,0.6,0.0,1,1,0,
37,384,0.5,0.0,1,1,0,
